0.29292193053682386
0.2832077591940204
0.2151639344262295
0.24356477741400573
0.26819223539308
0.2924820468380415
0.31675896061765824
0.31226028191939253
0.2391046895169538
0.3143926128069184
0.2669572228333773
0.2847860895113584
0.3237660836305063
0.26683314438798
0.29048836132219497
0.2745055453972005
0.28230704364916615
0.08820099769169784
0.12075414113823123
1.0
0.27247074038253144
0.7267340626894662
0.7386391811727099
0.3719622675590076
0.6790675754261478
0.6822331603154732
1.0
0.09638718738176945
0.9949987437547425
0.9734296613738765
0.3105242074727108
0.6177389340354034
0.6290784515955831
1.0
1.0
