0.055072 0.055072 0.084058 0.750725 0.055072
0.026087 0.055072 0.750725 0.084058 0.084058
0.026087 0.026087 0.171014 0.055072 0.721739
0.605797 0.200000 0.055072 0.026087 0.113043
0.026087 0.634783 0.113043 0.055072 0.171014
0.055072 0.055072 0.026087 0.837681 0.026087
0.026087 0.055072 0.634783 0.113043 0.171014
0.026087 0.113043 0.055072 0.142029 0.663768
0.634783 0.171014 0.113043 0.055072 0.026087
0.055072 0.692754 0.171014 0.055072 0.026087
0.055072 0.084058 0.026087 0.808696 0.026087
0.026087 0.113043 0.721739 0.113043 0.026087
0.084058 0.026087 0.055072 0.084058 0.750725
0.547826 0.171014 0.084058 0.171014 0.026087
0.026087 0.750725 0.084058 0.055072 0.084058
0.084058 0.026087 0.171014 0.663768 0.055072
0.026087 0.026087 0.489855 0.431884 0.026087
0.084058 0.026087 0.026087 0.084058 0.779710
0.750725 0.055072 0.055072 0.055072 0.084058
0.142029 0.692754 0.055072 0.055072 0.055072
0.084058 0.026087 0.113043 0.750725 0.026087
0.026087 0.026087 0.750725 0.171014 0.026087
0.084058 0.026087 0.113043 0.113043 0.663768
0.721739 0.142029 0.026087 0.055072 0.055072
0.026087 0.779710 0.055072 0.113043 0.026087
0.113043 0.026087 0.055072 0.779710 0.026087
0.026087 0.026087 0.837681 0.026087 0.084058
0.142029 0.026087 0.113043 0.055072 0.663768
0.692754 0.171014 0.084058 0.026087 0.026087
0.084058 0.808696 0.026087 0.055072 0.026087
0.026087 0.026087 0.113043 0.721739 0.113043
0.026087 0.026087 0.837681 0.026087 0.084058
0.026087 0.055072 0.084058 0.113043 0.721739
0.518841 0.142029 0.026087 0.113043 0.200000
0.142029 0.721739 0.026087 0.084058 0.026087
0.142029 0.055072 0.171014 0.605797 0.026087
0.055072 0.055072 0.692754 0.113043 0.084058
0.026087 0.084058 0.055072 0.084058 0.750725
0.286957 0.373913 0.171014 0.084058 0.084058
0.055072 0.750725 0.026087 0.142029 0.026087
0.026087 0.084058 0.344928 0.460870 0.084058
0.026087 0.026087 0.663768 0.171014 0.113043
0.026087 0.026087 0.113043 0.142029 0.692754
0.692754 0.055072 0.026087 0.113043 0.113043
0.055072 0.663768 0.026087 0.200000 0.055072
0.026087 0.026087 0.055072 0.837681 0.055072
0.084058 0.055072 0.663768 0.113043 0.084058
0.026087 0.026087 0.084058 0.142029 0.721739
0.634783 0.142029 0.026087 0.084058 0.113043
0.026087 0.605797 0.142029 0.142029 0.084058
0.084058 0.055072 0.055072 0.750725 0.055072
0.026087 0.026087 0.634783 0.113043 0.200000
0.113043 0.084058 0.026087 0.113043 0.663768
0.373913 0.344928 0.228986 0.026087 0.026087
0.084058 0.779710 0.055072 0.055072 0.026087
0.084058 0.055072 0.084058 0.750725 0.026087
0.026087 0.055072 0.808696 0.055072 0.055072
0.026087 0.026087 0.026087 0.113043 0.808696
0.721739 0.084058 0.084058 0.084058 0.026087
0.084058 0.721739 0.113043 0.055072 0.026087
0.084058 0.055072 0.113043 0.721739 0.026087
0.055072 0.055072 0.779710 0.055072 0.055072
0.084058 0.026087 0.055072 0.055072 0.779710
0.605797 0.113043 0.113043 0.113043 0.055072
0.026087 0.750725 0.171014 0.026087 0.026087
0.026087 0.084058 0.142029 0.692754 0.055072
0.026087 0.026087 0.547826 0.315942 0.084058
0.055072 0.026087 0.113043 0.055072 0.750725
0.634783 0.228986 0.026087 0.055072 0.055072
0.084058 0.634783 0.142029 0.113043 0.026087
0.026087 0.142029 0.084058 0.663768 0.084058
0.026087 0.026087 0.808696 0.113043 0.026087
0.026087 0.026087 0.084058 0.026087 0.837681
0.634783 0.228986 0.055072 0.055072 0.026087
0.142029 0.750725 0.026087 0.055072 0.026087
0.026087 0.026087 0.026087 0.895652 0.026087
0.026087 0.055072 0.576812 0.315942 0.026087
0.142029 0.026087 0.084058 0.142029 0.605797
0.605797 0.200000 0.113043 0.055072 0.026087
0.026087 0.692754 0.084058 0.113043 0.084058
0.026087 0.055072 0.084058 0.721739 0.113043
0.026087 0.055072 0.779710 0.113043 0.026087
0.026087 0.026087 0.084058 0.113043 0.750725
0.547826 0.142029 0.200000 0.055072 0.055072
0.055072 0.750725 0.142029 0.026087 0.026087
0.084058 0.026087 0.171014 0.692754 0.026087
0.026087 0.113043 0.518841 0.315942 0.026087
0.026087 0.084058 0.026087 0.084058 0.779710
0.547826 0.142029 0.026087 0.257971 0.026087
0.171014 0.605797 0.084058 0.055072 0.084058
0.026087 0.055072 0.055072 0.837681 0.026087
0.026087 0.055072 0.634783 0.113043 0.171014
0.084058 0.055072 0.084058 0.055072 0.721739
0.518841 0.171014 0.084058 0.200000 0.026087
0.055072 0.808696 0.026087 0.084058 0.026087
0.055072 0.113043 0.055072 0.692754 0.084058
0.026087 0.026087 0.837681 0.055072 0.055072
0.026087 0.026087 0.026087 0.084058 0.837681
0.605797 0.315942 0.026087 0.026087 0.026087
0.084058 0.634783 0.142029 0.113043 0.026087
