0.999083 0.000019 0.000019 0.000019 0.000019 0.000019 0.000019 0.000019 0.000019 0.000019 0.000019 0.000019 0.000019 0.000019 0.000019 0.000019 0.000019 0.000019 0.000019 0.000019 0.000019 0.000019 0.000019 0.000019 0.000019 0.000019 0.000019 0.000019 0.000019 0.000019 0.000019 0.000019 0.000019 0.000019 0.000019 0.000019 0.000019 0.000019 0.000019 0.000019 0.000019 0.000019 0.000019 0.000019 0.000019 0.000019 0.000019 0.000019 0.000019 0.000019
0.680808 0.000097 0.000022 0.318037 0.000022 0.000022 0.000022 0.000022 0.000022 0.000022 0.000022 0.000022 0.000022 0.000022 0.000022 0.000022 0.000022 0.000022 0.000022 0.000022 0.000022 0.000022 0.000022 0.000022 0.000022 0.000022 0.000022 0.000022 0.000022 0.000022 0.000022 0.000022 0.000022 0.000022 0.000022 0.000022 0.000022 0.000022 0.000022 0.000022 0.000022 0.000022 0.000022 0.000022 0.000022 0.000022 0.000022 0.000022 0.000022 0.000022
0.000024 0.000024 0.000104 0.000024 0.998741 0.000024 0.000024 0.000024 0.000024 0.000024 0.000024 0.000024 0.000024 0.000024 0.000024 0.000024 0.000024 0.000024 0.000024 0.000024 0.000024 0.000024 0.000024 0.000024 0.000024 0.000024 0.000024 0.000024 0.000024 0.000024 0.000024 0.000024 0.000024 0.000024 0.000024 0.000024 0.000024 0.000024 0.000024 0.000024 0.000024 0.000024 0.000024 0.000024 0.000024 0.000024 0.000024 0.000024 0.000024 0.000024
0.000017 0.000017 0.999043 0.000017 0.000132 0.000017 0.000017 0.000017 0.000017 0.000017 0.000017 0.000017 0.000017 0.000017 0.000017 0.000017 0.000017 0.000017 0.000017 0.000017 0.000017 0.000017 0.000017 0.000017 0.000017 0.000017 0.000017 0.000017 0.000017 0.000017 0.000017 0.000017 0.000017 0.000017 0.000017 0.000017 0.000017 0.000017 0.000017 0.000017 0.000017 0.000017 0.000017 0.000017 0.000017 0.000017 0.000017 0.000017 0.000017 0.000017
0.000195 0.033036 0.000110 0.000110 0.965402 0.000025 0.000025 0.000025 0.000025 0.000025 0.000025 0.000025 0.000025 0.000025 0.000025 0.000025 0.000025 0.000025 0.000025 0.000025 0.000025 0.000025 0.000025 0.000025 0.000025 0.000025 0.000025 0.000025 0.000025 0.000025 0.000025 0.000025 0.000025 0.000025 0.000025 0.000025 0.000025 0.000025 0.000025 0.000025 0.000025 0.000025 0.000025 0.000025 0.000025 0.000025 0.000025 0.000025 0.000025 0.000025
0.694208 0.000021 0.000021 0.304764 0.000021 0.000021 0.000021 0.000021 0.000021 0.000021 0.000021 0.000021 0.000021 0.000021 0.000021 0.000021 0.000021 0.000021 0.000021 0.000021 0.000021 0.000021 0.000021 0.000021 0.000021 0.000021 0.000021 0.000021 0.000021 0.000021 0.000021 0.000021 0.000021 0.000021 0.000021 0.000021 0.000021 0.000021 0.000021 0.000021 0.000021 0.000021 0.000021 0.000021 0.000021 0.000021 0.000021 0.000021 0.000021 0.000021
0.000018 0.000018 0.998979 0.000141 0.000018 0.000018 0.000018 0.000018 0.000018 0.000018 0.000018 0.000018 0.000018 0.000018 0.000018 0.000018 0.000018 0.000018 0.000018 0.000018 0.000018 0.000018 0.000018 0.000018 0.000018 0.000018 0.000018 0.000018 0.000018 0.000018 0.000018 0.000018 0.000018 0.000018 0.000018 0.000018 0.000018 0.000018 0.000018 0.000018 0.000018 0.000018 0.000018 0.000018 0.000018 0.000018 0.000018 0.000018 0.000018 0.000018
0.000022 0.000095 0.059077 0.939802 0.000022 0.000022 0.000022 0.000022 0.000022 0.000022 0.000022 0.000022 0.000022 0.000022 0.000022 0.000022 0.000022 0.000022 0.000022 0.000022 0.000022 0.000022 0.000022 0.000022 0.000022 0.000022 0.000022 0.000022 0.000022 0.000022 0.000022 0.000022 0.000022 0.000022 0.000022 0.000022 0.000022 0.000022 0.000022 0.000022 0.000022 0.000022 0.000022 0.000022 0.000022 0.000022 0.000022 0.000022 0.000022 0.000022
0.000017 0.998998 0.000074 0.000074 0.000074 0.000017 0.000017 0.000017 0.000017 0.000017 0.000017 0.000017 0.000017 0.000017 0.000017 0.000017 0.000017 0.000017 0.000017 0.000017 0.000017 0.000017 0.000017 0.000017 0.000017 0.000017 0.000017 0.000017 0.000017 0.000017 0.000017 0.000017 0.000017 0.000017 0.000017 0.000017 0.000017 0.000017 0.000017 0.000017 0.000017 0.000017 0.000017 0.000017 0.000017 0.000017 0.000017 0.000017 0.000017 0.000017
0.000017 0.999151 0.000017 0.000017 0.000017 0.000017 0.000017 0.000017 0.000017 0.000017 0.000017 0.000017 0.000017 0.000017 0.000017 0.000017 0.000017 0.000017 0.000017 0.000017 0.000017 0.000017 0.000017 0.000017 0.000017 0.000017 0.000017 0.000017 0.000017 0.000017 0.000017 0.000017 0.000017 0.000017 0.000017 0.000017 0.000017 0.000017 0.000017 0.000017 0.000017 0.000017 0.000017 0.000017 0.000017 0.000017 0.000017 0.000017 0.000017 0.000017
