LDA:389.8782367706299
384.2406313419342
357.9108467102051
312.88842153549194
307.84078645706177
247.86058568954468
106.23929047584534
1.4615473747253418
1.386488676071167
6.501420974731445
6.516373634338379
6.505995750427246
13.043660640716553
29.53260588645935
4.362355709075928
8.227387428283691
50.513720750808716
5.596625328063965
5.219263553619385
3.1127002239227295
3.1144673824310303
3.079653263092041
7.687819719314575
3.089951276779175
26.299343824386597
29.622557640075684
3.4874231815338135
75.76304316520691
3.497748374938965
8.723608255386353
5.77939248085022
3.467319965362549
5.811061382293701
