0.004250288009643555
0.004202127456665039
0.004174709320068359
0.005568742752075195
0.004049062728881836
0.0044994354248046875
0.004141807556152344
0.0040471553802490234
0.00506138801574707
0.003981351852416992
0.004767894744873047
0.004008054733276367
0.003978252410888672
0.0042972564697265625
0.0040438175201416016
0.0052602291107177734
0.003981828689575195
0.00404047966003418
0.006438493728637695
0.0046727657318115234
0.004966020584106445
0.004105091094970703
0.0056133270263671875
0.004086017608642578
0.004075527191162109
0.004032135009765625
0.003945589065551758
0.003902435302734375
0.004010677337646484
0.004494428634643555
