24.54590129852295
25.443001985549927
24.90754461288452
24.52389907836914
24.131016969680786
24.592633485794067
24.665982246398926
24.869112014770508
26.472272396087646
30.052873849868774
25.650146007537842
25.768060207366943
25.480114459991455
25.3628671169281
25.623197078704834
25.49409008026123
25.21354031562805
25.292783498764038
25.721074104309082
25.754631280899048
25.573790788650513
25.576097011566162
25.573678016662598
25.72790765762329
25.45785355567932
25.60083031654358
25.411744117736816
25.509019374847412
25.549166202545166
25.69810724258423
