2.8339977264404297
2.8109488487243652
2.7840280532836914
2.8857827186584473
2.7452383041381836
2.776297092437744
2.806556224822998
2.856616497039795
2.772324323654175
2.764988422393799
2.842848777770996
2.770796060562134
2.7658920288085938
2.7584826946258545
2.8834080696105957
2.7403950691223145
2.777841567993164
2.7993743419647217
2.7836413383483887
2.7872073650360107
2.8532159328460693
2.7719664573669434
2.7847671508789062
2.7725558280944824
2.899942636489868
2.7726223468780518
2.7632408142089844
2.8588528633117676
2.9794790744781494
2.779825448989868
