31.55791139602661
33.050002098083496
32.245158195495605
32.405251026153564
32.34312152862549
32.344834327697754
35.7444052696228
39.621455669403076
35.48989939689636
42.180941343307495
38.11824584007263
37.63166427612305
36.27628684043884
37.663204193115234
42.40002655982971
35.958497285842896
32.33587861061096
32.16417741775513
32.40995407104492
31.67582130432129
31.848971366882324
34.40156555175781
30.175446033477783
31.636327505111694
30.818721055984497
30.91997194290161
30.2074453830719
31.214123249053955
30.26358985900879
30.683227062225342
