0.830357 0.116071 0.026786 0.026786
0.175595 0.056548 0.651786 0.116071
0.026786 0.413690 0.026786 0.532738
0.830357 0.086310 0.056548 0.026786
0.235119 0.086310 0.651786 0.026786
0.026786 0.800595 0.056548 0.116071
0.800595 0.116071 0.056548 0.026786
0.116071 0.175595 0.681548 0.026786
0.026786 0.651786 0.056548 0.264881
0.711310 0.056548 0.116071 0.116071
0.145833 0.086310 0.741071 0.026786
0.056548 0.770833 0.056548 0.116071
0.919643 0.026786 0.026786 0.026786
0.086310 0.086310 0.770833 0.056548
0.026786 0.383929 0.026786 0.562500
0.800595 0.086310 0.056548 0.056548
0.116071 0.086310 0.711310 0.086310
0.026786 0.294643 0.056548 0.622024
0.830357 0.026786 0.026786 0.116071
0.116071 0.056548 0.800595 0.026786
0.026786 0.056548 0.026786 0.889881
0.830357 0.026786 0.086310 0.056548
0.116071 0.026786 0.800595 0.056548
0.026786 0.383929 0.056548 0.532738
0.919643 0.026786 0.026786 0.026786
0.056548 0.116071 0.800595 0.026786
0.056548 0.116071 0.056548 0.770833
0.889881 0.026786 0.026786 0.056548
0.086310 0.086310 0.770833 0.056548
0.056548 0.711310 0.145833 0.086310
0.889881 0.026786 0.026786 0.056548
0.175595 0.056548 0.741071 0.026786
0.056548 0.056548 0.086310 0.800595
0.830357 0.086310 0.056548 0.026786
0.116071 0.056548 0.770833 0.056548
0.026786 0.324405 0.116071 0.532738
0.681548 0.205357 0.056548 0.056548
0.086310 0.026786 0.860119 0.026786
0.026786 0.443452 0.026786 0.502976
0.741071 0.145833 0.026786 0.086310
0.026786 0.056548 0.860119 0.056548
0.056548 0.324405 0.026786 0.592262
0.830357 0.116071 0.026786 0.026786
0.086310 0.056548 0.800595 0.056548
0.026786 0.145833 0.026786 0.800595
0.889881 0.026786 0.026786 0.056548
0.116071 0.056548 0.800595 0.026786
0.026786 0.026786 0.026786 0.919643
0.919643 0.026786 0.026786 0.026786
0.056548 0.026786 0.889881 0.026786
0.026786 0.681548 0.026786 0.264881
0.919643 0.026786 0.026786 0.026786
0.086310 0.116071 0.741071 0.056548
0.026786 0.354167 0.264881 0.354167
0.889881 0.026786 0.026786 0.056548
0.056548 0.026786 0.860119 0.056548
0.056548 0.502976 0.026786 0.413690
0.711310 0.235119 0.026786 0.026786
0.145833 0.145833 0.681548 0.026786
0.026786 0.413690 0.056548 0.502976
0.770833 0.056548 0.026786 0.145833
0.056548 0.086310 0.830357 0.026786
0.086310 0.354167 0.056548 0.502976
0.830357 0.056548 0.086310 0.026786
0.056548 0.056548 0.830357 0.056548
0.086310 0.473214 0.026786 0.413690
0.800595 0.056548 0.086310 0.056548
0.056548 0.026786 0.830357 0.086310
0.026786 0.889881 0.026786 0.056548
0.889881 0.026786 0.056548 0.026786
0.116071 0.026786 0.830357 0.026786
0.026786 0.502976 0.056548 0.413690
0.889881 0.056548 0.026786 0.026786
0.056548 0.056548 0.830357 0.056548
0.026786 0.145833 0.056548 0.770833
0.800595 0.145833 0.026786 0.026786
0.116071 0.056548 0.800595 0.026786
0.056548 0.889881 0.026786 0.026786
0.770833 0.086310 0.026786 0.116071
0.116071 0.056548 0.770833 0.056548
0.026786 0.741071 0.116071 0.116071
0.800595 0.056548 0.116071 0.026786
0.145833 0.026786 0.800595 0.026786
0.026786 0.711310 0.056548 0.205357
0.860119 0.026786 0.086310 0.026786
0.086310 0.056548 0.830357 0.026786
0.026786 0.294643 0.175595 0.502976
0.889881 0.026786 0.056548 0.026786
0.086310 0.026786 0.860119 0.026786
0.026786 0.860119 0.086310 0.026786
0.830357 0.116071 0.026786 0.026786
0.056548 0.056548 0.860119 0.026786
0.026786 0.741071 0.145833 0.086310
0.830357 0.026786 0.086310 0.056548
0.056548 0.026786 0.889881 0.026786
0.026786 0.235119 0.056548 0.681548
0.830357 0.026786 0.116071 0.026786
0.056548 0.205357 0.711310 0.026786
0.026786 0.086310 0.086310 0.800595
0.860119 0.056548 0.056548 0.026786
0.056548 0.026786 0.860119 0.056548
0.056548 0.592262 0.026786 0.324405
0.860119 0.056548 0.056548 0.026786
0.056548 0.026786 0.889881 0.026786
0.026786 0.651786 0.056548 0.264881
0.889881 0.056548 0.026786 0.026786
0.086310 0.026786 0.800595 0.086310
0.026786 0.622024 0.026786 0.324405
0.741071 0.026786 0.086310 0.145833
0.026786 0.056548 0.830357 0.086310
0.026786 0.264881 0.056548 0.651786
0.711310 0.086310 0.086310 0.116071
0.205357 0.056548 0.651786 0.086310
0.026786 0.711310 0.056548 0.205357
0.830357 0.026786 0.056548 0.086310
0.116071 0.026786 0.830357 0.026786
0.026786 0.324405 0.116071 0.532738
0.919643 0.026786 0.026786 0.026786
0.086310 0.026786 0.860119 0.026786
0.026786 0.651786 0.026786 0.294643
0.860119 0.056548 0.056548 0.026786
0.026786 0.086310 0.860119 0.026786
0.086310 0.056548 0.056548 0.800595
0.800595 0.026786 0.086310 0.086310
0.026786 0.175595 0.770833 0.026786
0.026786 0.741071 0.056548 0.175595
0.711310 0.175595 0.086310 0.026786
0.026786 0.056548 0.889881 0.026786
0.056548 0.741071 0.026786 0.175595
0.800595 0.086310 0.086310 0.026786
0.086310 0.056548 0.830357 0.026786
0.026786 0.800595 0.116071 0.056548
0.770833 0.086310 0.056548 0.086310
0.086310 0.086310 0.800595 0.026786
0.026786 0.354167 0.056548 0.562500
0.830357 0.026786 0.116071 0.026786
0.086310 0.026786 0.860119 0.026786
0.026786 0.860119 0.026786 0.086310
0.860119 0.086310 0.026786 0.026786
0.145833 0.056548 0.770833 0.026786
0.026786 0.889881 0.056548 0.026786
0.741071 0.145833 0.056548 0.056548
0.205357 0.026786 0.711310 0.056548
0.026786 0.889881 0.026786 0.056548
0.830357 0.026786 0.026786 0.116071
0.205357 0.026786 0.592262 0.175595
0.026786 0.860119 0.026786 0.086310
0.860119 0.026786 0.026786 0.086310
0.205357 0.116071 0.651786 0.026786
0.026786 0.413690 0.056548 0.502976
0.860119 0.026786 0.056548 0.056548
0.026786 0.056548 0.860119 0.056548
0.026786 0.562500 0.086310 0.324405
0.830357 0.026786 0.056548 0.086310
0.056548 0.086310 0.800595 0.056548
0.056548 0.413690 0.056548 0.473214
0.800595 0.026786 0.026786 0.145833
0.116071 0.056548 0.800595 0.026786
0.086310 0.235119 0.026786 0.651786
0.711310 0.205357 0.056548 0.026786
0.026786 0.086310 0.770833 0.116071
0.026786 0.681548 0.026786 0.264881
0.889881 0.026786 0.056548 0.026786
0.056548 0.026786 0.860119 0.056548
0.026786 0.562500 0.175595 0.235119
0.741071 0.086310 0.026786 0.145833
0.086310 0.056548 0.830357 0.026786
0.056548 0.145833 0.026786 0.770833
0.889881 0.026786 0.056548 0.026786
0.026786 0.026786 0.919643 0.026786
0.026786 0.116071 0.056548 0.800595
0.741071 0.086310 0.026786 0.145833
0.145833 0.026786 0.800595 0.026786
0.026786 0.800595 0.026786 0.145833
0.830357 0.086310 0.056548 0.026786
0.086310 0.145833 0.681548 0.086310
0.026786 0.800595 0.056548 0.116071
0.830357 0.026786 0.116071 0.026786
0.026786 0.026786 0.919643 0.026786
0.056548 0.800595 0.086310 0.056548
0.800595 0.116071 0.026786 0.056548
0.026786 0.026786 0.860119 0.086310
0.026786 0.354167 0.026786 0.592262
0.860119 0.026786 0.026786 0.086310
0.086310 0.056548 0.770833 0.086310
0.026786 0.383929 0.026786 0.562500
0.889881 0.056548 0.026786 0.026786
0.026786 0.056548 0.889881 0.026786
0.026786 0.354167 0.116071 0.502976
0.860119 0.056548 0.026786 0.056548
0.145833 0.056548 0.770833 0.026786
0.026786 0.741071 0.086310 0.145833
0.919643 0.026786 0.026786 0.026786
0.026786 0.116071 0.830357 0.026786
0.086310 0.264881 0.026786 0.622024
0.860119 0.026786 0.026786 0.086310
0.026786 0.116071 0.741071 0.116071
0.056548 0.026786 0.056548 0.860119
0.800595 0.086310 0.026786 0.086310
0.086310 0.026786 0.860119 0.026786
0.086310 0.413690 0.026786 0.473214
0.919643 0.026786 0.026786 0.026786
0.026786 0.086310 0.860119 0.026786
0.026786 0.294643 0.056548 0.622024
0.800595 0.056548 0.026786 0.116071
0.056548 0.026786 0.860119 0.056548
0.026786 0.205357 0.145833 0.622024
0.711310 0.086310 0.056548 0.145833
0.116071 0.026786 0.830357 0.026786
0.026786 0.324405 0.056548 0.592262
0.860119 0.026786 0.086310 0.026786
0.116071 0.026786 0.800595 0.056548
0.026786 0.205357 0.086310 0.681548
0.830357 0.026786 0.026786 0.116071
0.056548 0.086310 0.830357 0.026786
0.026786 0.235119 0.026786 0.711310
0.830357 0.026786 0.026786 0.116071
0.086310 0.116071 0.770833 0.026786
0.026786 0.741071 0.086310 0.145833
0.889881 0.056548 0.026786 0.026786
0.086310 0.056548 0.741071 0.116071
0.026786 0.532738 0.026786 0.413690
0.860119 0.026786 0.026786 0.086310
0.026786 0.026786 0.919643 0.026786
0.056548 0.026786 0.056548 0.860119
0.651786 0.116071 0.056548 0.175595
0.086310 0.056548 0.830357 0.026786
0.026786 0.711310 0.116071 0.145833
0.830357 0.086310 0.056548 0.026786
0.056548 0.086310 0.800595 0.056548
0.056548 0.205357 0.116071 0.622024
0.919643 0.026786 0.026786 0.026786
0.026786 0.145833 0.770833 0.056548
0.026786 0.622024 0.026786 0.324405
0.770833 0.086310 0.056548 0.086310
0.086310 0.056548 0.770833 0.086310
0.026786 0.056548 0.116071 0.800595
0.860119 0.026786 0.086310 0.026786
0.086310 0.056548 0.800595 0.056548
0.056548 0.294643 0.026786 0.622024
0.860119 0.026786 0.056548 0.056548
0.086310 0.056548 0.830357 0.026786
0.026786 0.800595 0.026786 0.145833
0.681548 0.235119 0.026786 0.056548
0.056548 0.294643 0.622024 0.026786
0.026786 0.205357 0.056548 0.711310
0.889881 0.026786 0.056548 0.026786
0.026786 0.116071 0.830357 0.026786
0.026786 0.592262 0.026786 0.354167
0.889881 0.056548 0.026786 0.026786
0.056548 0.056548 0.860119 0.026786
0.026786 0.711310 0.026786 0.235119
0.889881 0.026786 0.026786 0.056548
0.116071 0.026786 0.830357 0.026786
0.056548 0.532738 0.086310 0.324405
0.770833 0.056548 0.086310 0.086310
0.175595 0.056548 0.741071 0.026786
0.086310 0.711310 0.026786 0.175595
0.889881 0.026786 0.026786 0.056548
0.145833 0.056548 0.770833 0.026786
0.086310 0.681548 0.026786 0.205357
0.889881 0.026786 0.026786 0.056548
0.116071 0.116071 0.681548 0.086310
0.116071 0.324405 0.056548 0.502976
0.830357 0.086310 0.026786 0.056548
0.056548 0.026786 0.889881 0.026786
0.026786 0.264881 0.026786 0.681548
0.889881 0.026786 0.056548 0.026786
0.116071 0.026786 0.830357 0.026786
0.026786 0.473214 0.026786 0.473214
0.860119 0.056548 0.026786 0.056548
0.026786 0.026786 0.889881 0.056548
0.026786 0.026786 0.056548 0.889881
0.919643 0.026786 0.026786 0.026786
0.086310 0.026786 0.860119 0.026786
0.026786 0.354167 0.026786 0.592262
0.860119 0.026786 0.026786 0.086310
0.116071 0.026786 0.800595 0.056548
0.026786 0.502976 0.086310 0.383929
0.800595 0.056548 0.116071 0.026786
0.145833 0.026786 0.800595 0.026786
0.056548 0.145833 0.116071 0.681548
0.800595 0.116071 0.026786 0.056548
0.235119 0.026786 0.681548 0.056548
0.026786 0.592262 0.056548 0.324405
0.889881 0.026786 0.026786 0.056548
0.026786 0.026786 0.919643 0.026786
0.026786 0.562500 0.086310 0.324405
0.770833 0.056548 0.086310 0.086310
0.056548 0.026786 0.889881 0.026786
0.026786 0.086310 0.116071 0.770833
0.860119 0.086310 0.026786 0.026786
0.026786 0.086310 0.830357 0.056548
0.026786 0.532738 0.205357 0.235119
0.889881 0.056548 0.026786 0.026786
0.026786 0.145833 0.800595 0.026786
0.056548 0.830357 0.026786 0.086310
0.860119 0.056548 0.026786 0.056548
0.145833 0.056548 0.770833 0.026786
0.026786 0.205357 0.056548 0.711310
0.830357 0.056548 0.056548 0.056548
0.205357 0.086310 0.681548 0.026786
0.116071 0.354167 0.086310 0.443452
0.741071 0.056548 0.026786 0.175595
0.086310 0.056548 0.830357 0.026786
0.026786 0.443452 0.145833 0.383929
0.770833 0.056548 0.116071 0.056548
0.086310 0.026786 0.860119 0.026786
0.026786 0.294643 0.056548 0.622024
0.889881 0.026786 0.026786 0.056548
0.056548 0.026786 0.889881 0.026786
0.026786 0.800595 0.026786 0.145833
0.889881 0.026786 0.026786 0.056548
0.056548 0.026786 0.889881 0.026786
0.026786 0.532738 0.026786 0.413690
0.860119 0.056548 0.056548 0.026786
0.026786 0.056548 0.889881 0.026786
0.056548 0.026786 0.026786 0.889881
0.800595 0.116071 0.056548 0.026786
0.086310 0.026786 0.860119 0.026786
0.026786 0.383929 0.056548 0.532738
0.889881 0.026786 0.026786 0.056548
0.145833 0.086310 0.741071 0.026786
0.026786 0.056548 0.116071 0.800595
0.889881 0.026786 0.026786 0.056548
0.116071 0.056548 0.800595 0.026786
0.026786 0.294643 0.026786 0.651786
0.592262 0.264881 0.086310 0.056548
0.205357 0.056548 0.711310 0.026786
0.026786 0.592262 0.116071 0.264881
0.889881 0.026786 0.056548 0.026786
0.116071 0.056548 0.770833 0.056548
0.056548 0.532738 0.026786 0.383929
0.860119 0.056548 0.026786 0.056548
0.026786 0.086310 0.860119 0.026786
0.026786 0.622024 0.145833 0.205357
0.800595 0.056548 0.056548 0.086310
0.056548 0.026786 0.889881 0.026786
0.026786 0.116071 0.056548 0.800595
0.889881 0.026786 0.026786 0.056548
0.175595 0.086310 0.681548 0.056548
0.026786 0.443452 0.026786 0.502976
0.800595 0.026786 0.026786 0.145833
0.116071 0.086310 0.741071 0.056548
0.056548 0.264881 0.116071 0.562500
0.800595 0.026786 0.026786 0.145833
0.086310 0.056548 0.830357 0.026786
0.056548 0.562500 0.086310 0.294643
0.681548 0.145833 0.026786 0.145833
0.116071 0.086310 0.711310 0.086310
0.056548 0.889881 0.026786 0.026786
0.860119 0.056548 0.056548 0.026786
0.026786 0.086310 0.830357 0.056548
0.026786 0.324405 0.086310 0.562500
0.889881 0.026786 0.056548 0.026786
0.175595 0.056548 0.741071 0.026786
0.026786 0.830357 0.026786 0.116071
0.800595 0.086310 0.026786 0.086310
0.086310 0.145833 0.741071 0.026786
0.026786 0.532738 0.086310 0.354167
0.860119 0.026786 0.026786 0.086310
0.056548 0.026786 0.889881 0.026786
0.086310 0.592262 0.056548 0.264881
0.889881 0.056548 0.026786 0.026786
0.026786 0.086310 0.770833 0.116071
0.026786 0.383929 0.026786 0.562500
0.770833 0.086310 0.056548 0.086310
0.116071 0.026786 0.711310 0.145833
0.026786 0.681548 0.116071 0.175595
0.741071 0.175595 0.026786 0.056548
0.056548 0.026786 0.830357 0.086310
0.026786 0.860119 0.056548 0.056548
0.889881 0.056548 0.026786 0.026786
0.056548 0.026786 0.860119 0.056548
0.026786 0.741071 0.056548 0.175595
0.860119 0.026786 0.026786 0.086310
0.026786 0.026786 0.860119 0.086310
0.056548 0.622024 0.056548 0.264881
0.830357 0.116071 0.026786 0.026786
0.026786 0.056548 0.889881 0.026786
0.056548 0.235119 0.086310 0.622024
0.889881 0.026786 0.026786 0.056548
0.086310 0.056548 0.830357 0.026786
0.056548 0.711310 0.086310 0.145833
0.800595 0.026786 0.026786 0.145833
0.056548 0.026786 0.860119 0.056548
0.026786 0.532738 0.026786 0.413690
0.830357 0.026786 0.056548 0.086310
0.145833 0.116071 0.681548 0.056548
0.086310 0.235119 0.056548 0.622024
0.770833 0.116071 0.056548 0.056548
0.026786 0.026786 0.860119 0.086310
0.026786 0.116071 0.056548 0.800595
0.889881 0.026786 0.026786 0.056548
0.056548 0.116071 0.681548 0.145833
0.026786 0.711310 0.026786 0.235119
0.860119 0.056548 0.026786 0.056548
0.026786 0.056548 0.860119 0.056548
0.056548 0.889881 0.026786 0.026786
0.830357 0.056548 0.026786 0.086310
0.235119 0.056548 0.681548 0.026786
0.056548 0.860119 0.026786 0.056548
0.800595 0.056548 0.026786 0.116071
0.056548 0.056548 0.860119 0.026786
0.056548 0.383929 0.086310 0.473214
0.860119 0.086310 0.026786 0.026786
0.056548 0.116071 0.770833 0.056548
0.026786 0.592262 0.056548 0.324405
0.860119 0.086310 0.026786 0.026786
0.026786 0.116071 0.830357 0.026786
0.026786 0.175595 0.056548 0.741071
0.889881 0.026786 0.026786 0.056548
0.145833 0.026786 0.711310 0.116071
0.026786 0.026786 0.026786 0.919643
0.830357 0.086310 0.056548 0.026786
0.205357 0.026786 0.741071 0.026786
0.026786 0.443452 0.056548 0.473214
0.860119 0.026786 0.056548 0.056548
0.026786 0.056548 0.889881 0.026786
0.026786 0.443452 0.026786 0.502976
0.860119 0.086310 0.026786 0.026786
0.026786 0.205357 0.741071 0.026786
0.056548 0.770833 0.026786 0.145833
0.830357 0.056548 0.026786 0.086310
0.026786 0.026786 0.889881 0.056548
0.086310 0.383929 0.026786 0.502976
0.919643 0.026786 0.026786 0.026786
0.175595 0.086310 0.711310 0.026786
0.026786 0.473214 0.086310 0.413690
0.770833 0.175595 0.026786 0.026786
0.145833 0.086310 0.741071 0.026786
0.056548 0.562500 0.026786 0.354167
0.830357 0.026786 0.056548 0.086310
0.175595 0.056548 0.741071 0.026786
0.026786 0.473214 0.026786 0.473214
0.860119 0.056548 0.026786 0.056548
0.056548 0.086310 0.770833 0.086310
0.086310 0.741071 0.026786 0.145833
0.770833 0.026786 0.026786 0.175595
0.026786 0.026786 0.919643 0.026786
0.026786 0.919643 0.026786 0.026786
0.770833 0.086310 0.026786 0.116071
0.086310 0.056548 0.770833 0.086310
0.026786 0.502976 0.116071 0.354167
0.830357 0.056548 0.026786 0.086310
0.056548 0.056548 0.860119 0.026786
0.056548 0.592262 0.116071 0.235119
0.830357 0.116071 0.026786 0.026786
0.056548 0.086310 0.830357 0.026786
0.056548 0.205357 0.026786 0.711310
0.830357 0.116071 0.026786 0.026786
0.056548 0.026786 0.860119 0.056548
0.026786 0.413690 0.056548 0.502976
0.830357 0.116071 0.026786 0.026786
0.145833 0.026786 0.770833 0.056548
0.026786 0.026786 0.145833 0.800595
0.919643 0.026786 0.026786 0.026786
0.026786 0.026786 0.800595 0.145833
0.056548 0.502976 0.116071 0.324405
0.860119 0.056548 0.056548 0.026786
0.056548 0.056548 0.830357 0.056548
0.026786 0.651786 0.026786 0.294643
0.889881 0.026786 0.056548 0.026786
0.086310 0.026786 0.860119 0.026786
0.026786 0.056548 0.086310 0.830357
0.800595 0.116071 0.056548 0.026786
0.175595 0.056548 0.741071 0.026786
0.086310 0.235119 0.026786 0.651786
0.741071 0.026786 0.026786 0.205357
0.026786 0.026786 0.919643 0.026786
0.056548 0.205357 0.026786 0.711310
0.741071 0.026786 0.116071 0.116071
0.116071 0.026786 0.830357 0.026786
0.026786 0.235119 0.056548 0.681548
0.830357 0.086310 0.026786 0.056548
0.145833 0.026786 0.800595 0.026786
0.056548 0.235119 0.175595 0.532738
0.651786 0.086310 0.026786 0.235119
0.116071 0.026786 0.681548 0.175595
0.026786 0.383929 0.086310 0.502976
0.681548 0.235119 0.026786 0.056548
0.026786 0.026786 0.860119 0.086310
0.026786 0.711310 0.056548 0.205357
0.770833 0.026786 0.145833 0.056548
0.056548 0.056548 0.860119 0.026786
0.026786 0.026786 0.056548 0.889881
0.860119 0.056548 0.056548 0.026786
0.086310 0.026786 0.860119 0.026786
0.026786 0.264881 0.086310 0.622024
0.889881 0.026786 0.026786 0.056548
0.116071 0.205357 0.651786 0.026786
0.026786 0.532738 0.056548 0.383929
0.919643 0.026786 0.026786 0.026786
0.056548 0.086310 0.741071 0.116071
0.056548 0.592262 0.056548 0.294643
0.830357 0.056548 0.026786 0.086310
0.026786 0.056548 0.889881 0.026786
0.026786 0.354167 0.116071 0.502976
0.800595 0.056548 0.056548 0.086310
0.056548 0.056548 0.830357 0.056548
