2 0 10 0 6 0 0 8 4 17 0 9 1 1 0 0 0 0 2 0 1 4 0 1 0 0 0 3 0 1 0 0 0 18 2 0 0 0 59 0 2 11 17 0 0 1 0 0 0 2929
0 1 21 0 10 0 0 9 1 24 3 3 2 0 0 0 0 0 0 0 0 4 0 0 0 0 0 10 0 7 0 0 7 29 5 0 3 1 41 1 8 1 13 0 6 1 0 4 0 2850
3 0 12 0 5 0 1 5 0 18 2 7 1 0 0 0 0 0 0 0 0 4 1 0 0 0 1 32 0 11 0 0 11 26 7 0 0 0 37 6 2 2 11 0 3 1 0 9 0 2809
2 2 13 0 4 0 0 3 1 18 0 2 3 0 0 0 0 1 0 0 0 5 0 0 0 0 0 45 0 11 0 1 10 37 3 2 0 0 38 6 1 3 16 0 3 0 1 8 0 2779
3 0 13 1 1 0 1 2 0 16 0 3 9 0 0 0 0 1 0 0 0 8 1 0 0 0 0 39 1 13 0 0 10 29 5 2 0 0 43 4 6 5 9 0 0 0 1 17 1 2834
1 0 15 0 1 0 0 3 0 25 0 6 4 0 0 0 0 0 0 0 0 4 0 0 0 0 0 36 0 16 1 1 10 38 6 2 0 0 44 11 2 2 11 0 3 0 0 3 1 2761
4 0 14 0 1 0 2 0 0 15 0 7 1 0 0 0 0 0 0 0 0 3 0 1 0 0 0 40 0 14 1 0 15 32 2 4 0 0 51 13 2 3 7 0 1 0 4 8 1 2834
5 0 21 0 1 0 1 1 0 7 1 2 2 0 0 0 0 0 0 0 0 3 0 0 0 0 1 45 2 12 0 0 11 33 2 1 0 0 56 7 4 3 13 0 0 0 3 11 0 2687
3 0 20 0 4 0 2 2 0 12 2 5 5 0 0 0 0 0 0 0 0 1 1 1 0 0 0 24 3 16 0 0 5 46 6 1 0 0 58 9 2 3 7 0 1 0 0 5 0 2681
12 0 15 0 5 0 0 2 0 6 0 10 7 0 2 2 65 2 7 0 2 0 0 0 20 0 4 26 0 8 7 0 3 39 2 2 0 0 48 5 1 1 8 3 4 0 2 7 0 3047
9 0 18 0 3 2 0 7 1 5 0 7 5 0 1 3 26 0 1 0 0 3 1 0 14 0 9 27 6 7 4 0 3 34 3 1 0 0 68 4 0 2 6 1 0 0 2 9 0 3181
6 0 20 0 9 0 0 1 0 5 0 14 0 0 7 5 93 1 1 0 0 1 0 0 32 0 6 24 3 21 8 0 3 42 2 3 0 0 54 4 0 2 11 17 0 0 0 5 0 2961
0 0 4 0 1 1 2 6 0 22 0 7 1 0 0 5 0 4 0 0 0 1 0 0 0 0 6 26 0 8 3 0 17 4 9 1 0 0 32 4 3 3 13 0 9 0 3 10 0 3217
0 0 9 0 1 0 2 2 0 26 0 9 0 0 0 3 0 1 0 0 0 1 0 0 0 0 7 32 1 12 8 0 24 12 5 2 0 0 29 4 2 1 10 0 8 0 3 2 0 3134
0 0 0 0 0 0 2 0 0 30 0 7 0 0 0 0 0 1 0 0 0 1 0 0 0 0 0 0 0 0 0 0 1 0 0 2 0 0 41 0 2 6 16 0 23 0 0 0 2 3065
0 0 7 0 0 0 1 0 0 30 0 9 0 0 1 1 0 3 0 0 0 1 0 0 0 0 0 0 0 0 0 0 2 0 0 0 0 0 33 0 0 1 24 0 13 0 0 1 0 2848
0 0 10 0 0 0 0 0 0 5 0 1 0 0 0 0 0 0 0 0 0 0 0 0 0 0 0 0 0 0 0 1 2 0 2 0 0 0 66 0 3 11 13 0 14 0 0 0 1 2755
0 0 7 0 0 0 0 0 0 5 1 4 0 0 0 0 0 0 0 0 0 1 0 0 0 0 0 0 0 0 0 0 0 0 1 0 0 0 80 0 3 9 5 0 14 0 0 0 0 2874
0 0 7 0 0 0 0 0 0 1 0 2 0 0 0 0 0 0 0 0 0 0 0 0 0 0 0 0 0 0 0 2 0 0 1 2 0 0 80 0 4 9 8 0 10 0 0 0 1 2810
0 0 14 0 0 0 0 0 0 3 0 1 0 0 0 0 0 0 0 0 0 1 0 0 0 0 0 0 0 0 0 1 0 1 1 1 0 0 68 0 3 5 13 0 3 0 0 0 0 2913
0 0 2 0 0 0 0 0 0 23 0 1 0 0 0 0 0 0 0 0 0 2 0 0 0 0 0 0 0 0 0 0 1 0 0 0 0 0 32 0 1 5 16 0 18 0 0 0 0 2824
0 0 2 0 0 0 0 0 0 12 1 1 0 0 0 0 0 0 0 0 0 1 0 0 0 0 0 0 0 0 0 0 4 0 1 1 0 0 52 0 1 4 12 0 37 0 1 0 0 2936
0 1 0 0 0 0 0 0 0 25 0 4 0 0 0 0 0 0 0 0 0 0 1 0 0 0 0 0 0 0 0 0 0 0 0 0 0 1 29 0 1 9 20 0 8 0 0 0 0 2959
0 0 4 0 0 0 0 0 0 9 0 2 0 0 0 0 0 0 0 0 0 1 0 0 0 0 0 0 0 0 0 0 1 0 2 1 0 0 46 0 2 7 16 0 8 0 0 0 0 3038
0 0 0 0 0 0 2 0 0 23 0 2 0 0 0 0 0 0 0 0 0 2 1 0 0 0 0 0 0 0 0 1 3 0 2 0 0 0 28 0 1 9 14 0 25 0 0 0 0 2967
0 0 9 0 0 0 0 0 0 3 0 5 0 0 0 0 0 0 0 0 0 0 0 0 0 0 0 0 0 0 0 1 0 1 1 0 0 0 79 0 4 5 6 0 10 0 0 0 1 2871
0 0 4 0 0 0 1 0 0 10 0 6 0 0 0 0 0 0 0 0 0 0 0 0 0 0 0 0 0 0 0 0 0 0 1 0 0 0 79 0 1 4 5 0 13 0 0 0 0 2791
0 0 6 0 0 0 0 0 0 3 0 2 0 0 0 0 0 0 0 0 0 2 0 0 0 0 0 0 0 0 0 0 0 0 1 1 0 0 73 0 1 4 5 0 17 0 0 1 0 2931
0 0 5 0 0 0 0 0 0 10 0 7 0 0 0 0 0 0 0 0 0 1 0 0 0 0 0 0 0 0 0 0 0 0 0 0 0 0 59 0 3 4 3 0 19 0 0 0 0 2915
0 0 2 0 0 0 0 0 0 9 0 3 0 0 0 0 0 0 0 0 0 2 0 0 0 0 0 0 0 0 0 0 0 1 0 0 0 0 80 0 1 0 5 0 16 0 0 0 0 2990
0 0 2 0 0 0 0 0 0 7 0 4 0 0 0 0 0 0 0 0 0 2 0 0 0 0 0 0 0 0 0 0 0 0 0 0 0 0 55 0 0 6 13 0 17 0 0 0 0 2830
0 1 8 0 0 0 6 0 0 9 0 5 0 0 0 0 0 0 0 0 0 5 0 0 0 0 4 2 1 0 0 0 13 2 31 1 0 0 53 1 0 2 5 0 22 0 0 2 1 2762
0 0 0 0 0 0 0 0 0 7 0 1 0 0 0 0 0 0 0 0 0 2 0 0 0 0 0 0 0 0 0 0 0 1 1 1 0 0 68 0 2 4 12 0 13 0 0 0 0 2957
0 0 4 0 0 0 0 0 0 3 0 7 0 0 0 0 0 0 0 0 0 2 0 0 0 0 0 0 0 0 0 2 0 1 3 1 0 0 90 0 2 18 13 0 4 0 0 0 0 2937
0 0 5 0 2 0 1 0 0 6 0 5 0 0 0 0 0 0 0 0 0 2 0 0 0 0 0 0 0 0 0 1 0 0 1 0 0 1 108 0 0 14 9 0 8 0 0 0 0 3048
0 0 4 0 0 0 0 0 0 4 0 9 0 0 0 0 0 0 0 0 0 4 0 0 0 0 0 0 0 0 0 0 10 1 1 1 0 0 73 0 1 15 6 0 25 0 0 0 2 2892
0 1 3 0 1 0 0 0 0 9 0 5 0 0 0 0 0 0 0 1 0 5 0 0 0 0 0 0 0 0 0 1 9 0 9 0 0 0 83 0 1 20 10 0 6 0 0 0 1 2923
0 0 3 0 0 0 0 0 0 16 0 18 0 0 1 0 0 1 0 0 0 6 0 0 0 0 0 0 0 0 0 0 1 1 0 0 0 0 56 0 1 16 11 0 9 0 0 0 0 2855
0 1 7 0 1 0 0 0 0 7 0 7 0 0 0 0 0 0 0 0 0 5 0 0 0 0 0 0 0 0 0 0 1 0 2 1 0 0 72 0 0 20 9 0 16 0 0 0 0 2859
0 0 6 0 0 0 3 0 0 9 0 5 0 0 0 0 0 0 0 0 0 0 0 0 0 0 0 0 0 0 0 0 3 1 1 1 0 0 73 0 0 16 11 0 7 0 0 0 0 3053
0 2 10 3 3 0 0 0 0 28 0 15 0 2 0 2 0 2 0 1 0 3 0 0 0 0 0 0 0 0 0 0 5 3 10 4 0 0 73 0 2 9 31 0 9 1 0 0 0 2819
0 0 2 0 1 0 3 0 0 52 0 17 0 0 0 0 0 0 0 1 0 4 0 0 0 0 0 0 0 0 0 0 0 3 2 0 0 0 45 0 0 17 10 0 5 0 0 0 0 2833
0 1 1 0 0 0 6 0 0 33 0 13 0 0 0 0 0 0 0 0 0 4 0 0 0 0 0 0 0 0 0 0 2 0 3 1 0 0 59 0 0 18 13 0 45 0 0 0 0 2697
0 1 6 0 2 0 1 1 0 25 0 8 0 2 0 0 0 0 0 1 0 5 0 0 0 3 0 0 0 0 0 2 1 1 1 0 0 0 79 0 0 37 9 0 6 2 0 0 2 2771
