18 0 0 0 2 1 2 3 0 4 0 0 1 0 0
14 4 0 0 0 1 0 9 1 5 3 1 1 0 0
23 0 0 0 1 1 1 9 1 2 1 1 1 0 0
10 1 1 0 1 2 0 5 0 8 1 0 1 0 0
11 0 0 0 3 1 1 7 4 5 0 1 4 0 0
16 0 0 0 2 1 0 1 0 5 0 0 2 0 0
14 0 0 0 1 0 0 2 0 4 2 0 2 0 0
13 0 1 0 1 0 0 2 1 1 0 3 4 0 0
12 0 0 0 2 3 0 2 0 1 2 1 1 0 0
10 3 1 2 3 1 1 4 1 0 0 2 3 0 0
11 0 3 0 2 0 2 1 1 7 3 0 1 0 0
13 4 1 0 4 0 1 4 2 0 2 2 2 0 0
30 0 0 0 0 0 0 3 0 2 0 0 3 0 0
24 0 0 0 1 0 0 4 0 8 0 1 3 0 0
18 0 1 0 3 0 1 5 0 8 0 0 4 0 0
26 0 2 0 0 0 0 4 0 3 0 0 3 0 0
5 1 1 0 3 2 5 0 4 3 1 0 6 0 0
15 0 0 0 0 4 3 0 1 4 1 4 1 2 4
8 0 0 0 2 2 1 0 4 0 1 1 0 1 0
7 0 5 0 4 1 2 1 2 2 0 0 3 2 0
15 0 3 0 2 1 1 2 3 10 0 1 6 2 3
18 0 3 0 2 0 2 3 1 4 0 0 7 6 3
11 0 4 0 2 0 0 2 0 12 2 0 5 3 8
7 0 1 0 4 0 0 0 0 9 0 3 6 4 5
12 0 2 0 1 1 3 5 3 14 0 2 5 3 1
13 1 0 0 0 2 0 1 0 3 1 0 4 1 0
21 0 9 0 1 2 3 2 3 5 2 4 3 0 0
20 0 2 0 6 5 1 3 3 2 3 4 1 1 0
31 0 0 0 1 3 0 7 0 0 0 4 2 0 0
12 0 4 0 8 2 1 5 1 4 3 4 6 0 0
13 0 0 0 3 0 0 1 0 2 0 0 2 0 0
11 0 3 0 2 0 0 6 0 3 0 1 6 0 0
11 0 0 0 0 0 0 3 0 7 0 0 0 0 0
9 0 2 0 0 1 3 0 6 0 0 0 2 0 0
9 0 6 0 0 0 0 0 5 0 0 2 1 1 0
6 0 3 0 0 2 0 1 7 2 1 0 2 2 0
7 0 0 0 3 0 0 0 3 2 0 2 3 4 1
4 0 4 0 0 0 0 2 0 0 0 1 3 4 4
11 0 1 0 2 0 0 4 0 1 0 1 2 6 3
12 0 2 0 1 0 1 2 0 1 0 1 0 1 3
17 0 1 0 1 3 0 0 0 0 0 1 0 0 0
7 0 1 0 0 3 0 0 2 0 0 0 0 0 0
14 0 2 0 0 3 1 0 1 0 0 1 0 0 0
18 0 0 0 1 2 2 0 0 0 0 1 0 0 0
