17 
17 
6 
6 
6 
6 
6 
6 
6 
6 
15
6
15
27
7 
19 
27 
27 
27 
22 
7 
7 
7 
7 
7 
7 
7 
7 
7 
27
27 
1 
27 
27 
8 
27 
27 
27 
27 
27 
29 
8 
8 
8 
8 
8 
22 
13 
13 
2 
5 
4 
26 
26 
16 
16 
16 
11 
9 
9 
9 
9 
9 
9 
9 
16 
16 
16 
16 
16 
16 
16 
5 
26 
26 
26 
26 
26 
16 
29 
14 
14 
14 
14 
4 
14 
14 
14 
14 
14 
14 
14 
14 
14 
22 
18 
29 
29 
29 
15 
23 
0 
12 
12 
12 
23 
23 
23 
22 
22 
12 
22 
22 
22 
12 
12 
15 
1 
12 
13 
26 
26 
5 
5 
16
1 
24 
24 
24 
24 
20 
20 
20 
20 
20 
20 
20 
20 
20 
20 
20 
20 
20 
10 
10 
10 
0 
3
10 
3 
3 
3 
3 
3 
3 
3 
3 
3 
3 
21
21 
21 
19 
19 
19
