577.3071687221527
1157.021241426468
1742.3062789440155
2312.4650678634644
2887.4077944755554
3460.616894006729
4031.104509115219
4603.381185531616
5176.374999284744
5749.098603963852
6325.872800827026
6904.452412843704
7478.761940717697
8053.7786321640015
8641.817795991898
9227.45616889
9908.097104787827
10662.774460792542
11296.815392494202
11873.321941137314
12450.184733390808
13048.17225599289
13648.267746448517
14247.190178632736
14835.214913606644
15438.123610019684
16039.778295516968
16645.940577983856
17239.779955625534
17831.02170610428
18417.740092754364
19005.34727191925
19592.26579809189
20181.288194179535
20763.558652162552
21376.327564001083
21962.159194231033
22556.322735786438
23133.551922559738
23719.34725689888
