93.51682591438293
186.42136120796204
279.4338309764862
372.15536403656006
465.10812616348267
557.5301923751831
653.4436593055725
747.5293703079224
840.4618210792542
933.2366755008698
1026.2521305084229
1119.0445988178253
1212.016105890274
1304.6652610301971
1403.2508697509766
1496.1566517353058
1591.2671790122986
91.66240787506104
183.1566140651703
274.5889422893524
365.98669147491455
461.9857611656189
556.9530107975006
654.9892721176147
751.0021443367004
847.2354497909546
942.3787291049957
102.0497829914093
204.11806893348694
306.35049510002136
95.28056526184082
190.66038489341736
286.3144769668579
382.36207485198975
478.19854831695557
574.0201921463013
669.9640128612518
765.843391418457
861.6748478412628
957.6681246757507
1053.6410653591156
1148.9335429668427
1247.0639853477478
1342.8140616416931
1438.5654063224792
1534.349413394928
1630.4665729999542
1726.198707818985
1822.463121175766
1918.243664741516
2014.3862788677216
2110.3731713294983
2206.7574377059937
2302.6374888420105
2398.638769388199
2494.474624156952
2590.6320905685425
2686.6602969169617
2783.168344974518
2879.0948543548584
2975.428592443466
3071.5166006088257
3167.6806933879852
3263.235495567322
3359.8494107723236
3455.7773344516754
3552.370334625244
3648.5045092105865
3744.963446378708
3840.7338919639587
3936.6575837135315
4032.2492241859436
4127.824957370758
4222.414456129074
4317.276812791824
4411.2005977630615
4506.284001350403
4601.287868738174
4696.508791208267
4791.883167505264
4887.204695940018
4983.176892280579
5078.199330568314
5173.671443939209
5269.347610473633
5365.244057178497
5460.601207494736
5557.686712741852
5653.120568990707
5748.853392601013
5844.15021443367
5938.839191436768
6034.197605371475
6129.332695007324
6224.683577775955
6319.865560531616
6414.9142780303955
6510.083864212036
6605.339517593384
6700.1688730716705
6795.966518878937
6891.65847992897
6986.905701637268
7082.702290534973
7178.10707950592
7273.47122502327
7369.033179521561
7465.542235136032
7560.669800043106
7656.898859977722
7752.407999992371
7847.924882173538
7943.124262094498
8038.552567958832
8133.821139574051
8229.857191085815
8325.244398593903
8421.098015069962
8516.661370515823
8612.796894073486
8707.922370910645
8803.377085447311
8898.167344093323
8993.832057237625
9088.88614821434
9184.04622387886
9279.556009054184
9375.22862792015
9471.108834028244
9568.16438293457
98.04390621185303
196.87728214263916
301.1224489212036
402.04514360427856
499.00174832344055
596.2574863433838
693.6911237239838
791.2950875759125
888.8794190883636
986.1585423946381
1082.9011387825012
1179.022490978241
1275.6315205097198
1372.948611497879
1469.7057871818542
1566.2448966503143
1662.4303967952728
1758.7007706165314
1855.2210946083069
1951.6270229816437
2048.1153740882874
2145.567390680313
2241.416139602661
2338.106368780136
2434.5102791786194
2532.0466969013214
2628.3027698993683
2726.304223537445
2822.679426431656
2920.898504257202
3017.317039489746
3115.7490055561066
3212.2500681877136
3310.1690702438354
3407.534220457077
3505.682625055313
3602.5928485393524
3700.0111241340637
3796.836711883545
3894.7153418064117
3991.383141517639
4088.8583426475525
4186.026212215424
4284.108052968979
4380.399105548859
4475.992082118988
4571.868020534515
4670.057993412018
4766.387491703033
4864.500705480576
4960.91828417778
5060.116978645325
5158.798089504242
5255.753513097763
5354.759072065353
5453.838387489319
5550.3696808815
5648.788366556168
5746.489723920822
5843.080198526382
5941.916650295258
6040.4171307086945
6139.090861320496
6237.476733207703
6335.080178022385
6432.600439071655
6530.188084125519
6627.581652641296
6725.207209348679
6822.148178577423
6919.749511241913
7017.813884735107
7116.945321559906
7215.422660112381
7314.592470884323
7411.745172023773
7509.293931007385
7607.746364116669
7707.901099205017
7806.6284811496735
7903.197226047516
7999.87419295311
8099.836072921753
8197.630552530289
8295.26076221466
8392.057000160217
8489.338087797165
8587.084990739822
8685.410490751266
8782.450199842453
8880.92558145523
8978.746842384338
9077.787834405899
9176.37446141243
9277.272150039673
9374.06413769722
9473.565069913864
9570.528670072556
9670.981488227844
9770.095802545547
2.1136651039123535
4.374812364578247
6.593166351318359
9.20552134513855
11.461208820343018
13.660402774810791
15.896459817886353
18.11781072616577
20.306804656982422
22.556822776794434
24.843612909317017
27.090444087982178
29.320900201797485
31.49714231491089
33.67562675476074
35.891748666763306
38.093342304229736
40.26739978790283
42.52456474304199
44.89436435699463
47.12128186225891
49.4201021194458
51.676976442337036
53.90363430976868
56.20558500289917
58.49609684944153
60.727543354034424
62.979780197143555
65.23600339889526
67.56027746200562
69.900230884552
72.12374019622803
74.36163902282715
76.59184956550598
78.8291175365448
81.29577803611755
83.50229239463806
85.92604517936707
88.37864851951599
90.76031279563904
92.99489045143127
95.28893804550171
97.54186081886292
99.85545539855957
102.13830733299255
104.45498204231262
106.7081708908081
108.99404907226562
111.22469639778137
113.49012589454651
115.78006911277771
118.10266947746277
120.47364807128906
122.7534601688385
125.09721183776855
127.39008355140686
129.7447772026062
132.01899576187134
134.33825516700745
136.63032507896423
138.91339325904846
141.2402319908142
143.69865226745605
146.08951616287231
148.38008379936218
150.60268378257751
153.29012274742126
155.6428837776184
157.97828936576843
160.29826831817627
162.59859442710876
165.02352809906006
167.33139991760254
169.61298847198486
171.98174285888672
174.3547441959381
176.67181062698364
178.95280003547668
181.286292552948
183.62730765342712
185.98042035102844
188.222651720047
190.52819633483887
192.85300040245056
195.28269577026367
197.59235215187073
200.05666756629944
202.37287878990173
204.72463512420654
207.08419466018677
209.338800907135
211.59210872650146
213.85151648521423
216.11164736747742
218.50825357437134
220.80896496772766
223.08678269386292
225.38429927825928
227.63761734962463
229.8409628868103
