0.000003 0.000351 0.000003 0.000003 0.000636 0.000003 0.000003 0.000003 0.000003 0.000003 0.000066 0.000003 0.000003 0.000003 0.998232 0.000035 0.000003 0.000066 0.000003 0.000003 0.000003 0.000003 0.000003 0.000003 0.000035 0.000003 0.000383 0.000003 0.000130 0.000003
0.054271 0.056236 0.000000 0.001341 0.000158 0.000000 0.000383 0.065744 0.010219 0.018873 0.000000 0.000000 0.077299 0.026861 0.339767 0.013692 0.010435 0.000720 0.020308 0.010210 0.000009 0.000000 0.025737 0.018815 0.000023 0.000000 0.003887 0.245008 0.000000 0.000000
0.064180 0.146528 0.001929 0.000487 0.027885 0.008807 0.054968 0.002298 0.002163 0.005312 0.015479 0.059631 0.000000 0.009420 0.075470 0.002789 0.003199 0.012659 0.000000 0.102440 0.013533 0.022389 0.000996 0.073118 0.054585 0.016587 0.000131 0.206505 0.000190 0.016321
0.032139 0.274566 0.008882 0.000000 0.018600 0.000664 0.059943 0.000558 0.002480 0.012367 0.084488 0.003764 0.000025 0.015712 0.018408 0.001952 0.000202 0.006345 0.000000 0.000741 0.000726 0.053748 0.000000 0.014390 0.005254 0.015164 0.012525 0.275801 0.041208 0.039348
0.059527 0.184452 0.003570 0.004906 0.006239 0.001842 0.035753 0.000042 0.001385 0.018172 0.028415 0.000775 0.000000 0.000131 0.004061 0.001172 0.016919 0.000801 0.002886 0.022652 0.057970 0.001984 0.000479 0.087679 0.036573 0.008256 0.011249 0.347281 0.002942 0.051889
0.036049 0.179119 0.019049 0.002998 0.024872 0.000740 0.049691 0.000000 0.002567 0.000912 0.037884 0.026440 0.000000 0.000436 0.003133 0.003527 0.007992 0.009230 0.000057 0.018877 0.036665 0.009553 0.000353 0.112683 0.054993 0.014423 0.008960 0.298582 0.010483 0.029731
0.037383 0.129004 0.026478 0.000996 0.011833 0.031307 0.006517 0.040165 0.031336 0.094541 0.002832 0.045060 0.026127 0.014061 0.000026 0.006562 0.015634 0.006092 0.001149 0.051388 0.024395 0.004408 0.000000 0.093175 0.000432 0.000000 0.020127 0.271594 0.007152 0.000224
0.000000 0.114378 0.022074 0.009598 0.011542 0.001019 0.014391 0.003255 0.000000 0.000444 0.078576 0.043393 0.000478 0.000005 0.003908 0.000000 0.001223 0.000371 0.000142 0.008648 0.019492 0.070236 0.000390 0.000000 0.132082 0.007352 0.006733 0.362670 0.056527 0.031072
0.000000 0.098150 0.023764 0.018464 0.010059 0.001336 0.038969 0.000112 0.000000 0.000331 0.040412 0.067111 0.000000 0.000000 0.006818 0.000017 0.002634 0.012957 0.000000 0.027108 0.013941 0.043695 0.001480 0.078897 0.136875 0.000000 0.003696 0.297468 0.035575 0.040127
0.062935 0.072410 0.008638 0.000000 0.000000 0.007312 0.029537 0.000099 0.000050 0.017177 0.002886 0.106669 0.000020 0.001827 0.000005 0.001976 0.007193 0.011148 0.000847 0.001792 0.050154 0.028864 0.000005 0.125826 0.170644 0.008034 0.014103 0.165491 0.044204 0.060149
0.023067 0.084299 0.030158 0.014902 0.015408 0.027017 0.028501 0.001675 0.001141 0.018324 0.000001 0.042239 0.003001 0.032833 0.028388 0.001624 0.000388 0.054866 0.000253 0.002928 0.021550 0.028405 0.001585 0.141529 0.142164 0.009334 0.002737 0.223557 0.000641 0.017482
0.008493 0.098137 0.005957 0.012248 0.023822 0.017215 0.012299 0.000139 0.007648 0.006504 0.007119 0.050299 0.000058 0.000121 0.034562 0.008734 0.000903 0.063133 0.000001 0.001444 0.028370 0.038834 0.000110 0.180289 0.139742 0.012087 0.001789 0.187201 0.019538 0.033205
0.001051 0.000327 0.058753 0.000001 0.014569 0.012910 0.011372 0.000001 0.000001 0.000001 0.018395 0.122900 0.000001 0.000001 0.000001 0.000342 0.000001 0.082039 0.000016 0.023960 0.087880 0.041203 0.000076 0.224011 0.157245 0.076479 0.000131 0.030269 0.028324 0.007742
0.003486 0.004824 0.038409 0.000302 0.001965 0.032145 0.016116 0.000001 0.000001 0.000006 0.008058 0.109110 0.000001 0.000001 0.000006 0.000001 0.000234 0.079545 0.000211 0.021337 0.031889 0.059968 0.001669 0.246896 0.151106 0.085307 0.000001 0.039337 0.044832 0.023239
0.000037 0.003805 0.006780 0.003112 0.000145 0.058144 0.011415 0.000698 0.003330 0.004982 0.042159 0.022732 0.006631 0.000000 0.000025 0.020338 0.007271 0.004410 0.062670 0.047907 0.041289 0.000170 0.000000 0.053618 0.083012 0.053888 0.360413 0.038113 0.000061 0.062848
0.025975 0.005460 0.016925 0.005651 0.000201 0.030580 0.000655 0.001273 0.009076 0.004430 0.000701 0.014366 0.000001 0.000001 0.000001 0.018563 0.017106 0.021030 0.039712 0.102358 0.204201 0.057636 0.000006 0.149497 0.103615 0.079397 0.030142 0.024116 0.010338 0.026990
0.000001 0.016905 0.000001 0.013434 0.000100 0.006712 0.000001 0.000001 0.000188 0.000034 0.000001 0.163975 0.000078 0.006086 0.034929 0.000001 0.000001 0.000045 0.000001 0.003472 0.080093 0.130530 0.000045 0.020200 0.268517 0.018014 0.007766 0.072636 0.117141 0.039092
0.005358 0.025407 0.004363 0.005346 0.002446 0.002841 0.001236 0.021452 0.000001 0.000001 0.000001 0.173289 0.000001 0.000001 0.090672 0.001931 0.000001 0.000876 0.000001 0.001367 0.060652 0.104285 0.007731 0.045576 0.150723 0.031890 0.015041 0.014670 0.154762 0.078077
0.013588 0.073687 0.000227 0.001387 0.000325 0.023989 0.000846 0.005113 0.000561 0.000001 0.000148 0.215965 0.000001 0.000001 0.004926 0.000001 0.000001 0.000001 0.000001 0.000375 0.075397 0.071366 0.000483 0.103692 0.139546 0.042639 0.031933 0.012831 0.107732 0.073234
0.000320 0.008410 0.000039 0.020168 0.009085 0.041864 0.000027 0.000014 0.006855 0.000027 0.000001 0.160230 0.000001 0.002282 0.080402 0.000218 0.000141 0.000231 0.000103 0.003326 0.119794 0.004256 0.006167 0.000320 0.208145 0.115653 0.083460 0.036004 0.061981 0.030475
0.008115 0.000000 0.004314 0.035509 0.002812 0.041518 0.008901 0.000560 0.013858 0.000350 0.036164 0.000576 0.049454 0.016289 0.035660 0.002769 0.000020 0.024570 0.027823 0.068833 0.000533 0.000465 0.156261 0.015812 0.012976 0.007158 0.403167 0.010184 0.005974 0.009374
0.000041 0.000001 0.000036 0.023600 0.000096 0.028017 0.000021 0.010558 0.005145 0.001980 0.002187 0.000384 0.036505 0.044563 0.205283 0.011088 0.000707 0.019788 0.027826 0.004237 0.000001 0.000046 0.321077 0.000001 0.003701 0.000001 0.223459 0.005055 0.016491 0.008109
0.025139 0.002214 0.020413 0.001663 0.000024 0.041805 0.020016 0.006944 0.007907 0.009519 0.030462 0.010242 0.086826 0.049322 0.120205 0.002080 0.001227 0.008379 0.001895 0.004447 0.013883 0.005296 0.075550 0.060838 0.067510 0.024207 0.266237 0.012078 0.000826 0.022843
0.005648 0.004149 0.007549 0.050173 0.000917 0.071821 0.011961 0.005259 0.010613 0.001336 0.018132 0.002602 0.037412 0.001409 0.101784 0.003552 0.001176 0.019623 0.021519 0.054494 0.002995 0.000013 0.078407 0.029479 0.036851 0.000100 0.408076 0.007044 0.000618 0.005289
0.019630 0.000495 0.017974 0.060550 0.000589 0.047487 0.010333 0.003296 0.014634 0.011437 0.009511 0.000025 0.036668 0.035969 0.031508 0.001427 0.000013 0.034583 0.021687 0.046996 0.004208 0.000258 0.151087 0.042613 0.018142 0.000000 0.336253 0.004833 0.031394 0.006399
0.000705 0.017607 0.000151 0.093898 0.002305 0.055711 0.000014 0.001676 0.000855 0.018461 0.000144 0.012964 0.212737 0.052559 0.171009 0.000001 0.002476 0.004424 0.015699 0.000001 0.000001 0.026721 0.000062 0.001170 0.000001 0.008212 0.186790 0.067827 0.045818 0.000001
0.051858 0.007895 0.000634 0.056872 0.000001 0.164198 0.004013 0.009514 0.000001 0.006644 0.014967 0.000001 0.102632 0.065205 0.089496 0.000001 0.000028 0.001300 0.024854 0.007495 0.014723 0.000001 0.012308 0.064924 0.057468 0.022071 0.214507 0.000672 0.005719 0.000001
0.001319 0.030841 0.015875 0.088193 0.009314 0.145059 0.014146 0.020757 0.000715 0.000001 0.046285 0.025295 0.002541 0.021938 0.053357 0.001496 0.000001 0.011839 0.023312 0.042878 0.055411 0.020514 0.007377 0.051699 0.049829 0.023262 0.202614 0.003757 0.028966 0.001410
0.000001 0.003528 0.000001 0.056767 0.000785 0.040311 0.000001 0.000023 0.000001 0.033368 0.007975 0.083685 0.172084 0.000031 0.167944 0.000046 0.000800 0.001391 0.001944 0.005942 0.000068 0.009529 0.000210 0.000001 0.009880 0.000038 0.280639 0.089544 0.033465 0.000001
0.030168 0.005143 0.025667 0.050854 0.003268 0.033365 0.031703 0.011547 0.000820 0.022428 0.000000 0.127059 0.013292 0.011701 0.120506 0.000010 0.005232 0.007349 0.004668 0.039787 0.030112 0.027673 0.011849 0.128003 0.064174 0.001871 0.098423 0.062838 0.020622 0.009867
0.000720 0.000852 0.019926 0.000091 0.001774 0.001181 0.062773 0.005377 0.000999 0.013999 0.000001 0.149017 0.089435 0.003429 0.138097 0.000001 0.000001 0.000008 0.000001 0.009063 0.032591 0.100676 0.000001 0.003380 0.058200 0.001942 0.042980 0.192847 0.054004 0.016638
0.030914 0.000006 0.004673 0.001164 0.034148 0.002913 0.095272 0.000682 0.013104 0.028696 0.000000 0.098127 0.000358 0.026135 0.059461 0.003028 0.016804 0.004904 0.000519 0.179349 0.090533 0.005258 0.000000 0.056534 0.000994 0.019886 0.076353 0.103500 0.046406 0.000279
0.002700 0.004185 0.028401 0.001649 0.000444 0.035323 0.081440 0.000000 0.003438 0.001750 0.021256 0.048306 0.008755 0.000000 0.005935 0.000290 0.000025 0.008509 0.013779 0.074542 0.100922 0.058743 0.000000 0.133931 0.148688 0.069615 0.052896 0.034311 0.056015 0.004151
0.000156 0.001326 0.001295 0.017186 0.021704 0.045208 0.037107 0.000001 0.000011 0.001245 0.069471 0.130379 0.000352 0.002214 0.004899 0.015143 0.000216 0.085096 0.001115 0.050745 0.033338 0.055292 0.000272 0.133300 0.124602 0.016187 0.003966 0.018737 0.127865 0.001572
0.000008 0.004720 0.000982 0.021665 0.018135 0.017770 0.005211 0.001257 0.002765 0.009774 0.087920 0.169337 0.002476 0.001116 0.009031 0.024303 0.000023 0.028502 0.000320 0.031282 0.027974 0.093717 0.000060 0.008295 0.152310 0.014976 0.026652 0.026600 0.212286 0.000536
0.000001 0.000001 0.002679 0.056896 0.007585 0.061568 0.052687 0.004129 0.000001 0.002549 0.051848 0.138632 0.000754 0.000420 0.020058 0.001081 0.000482 0.097042 0.000001 0.007641 0.003463 0.068480 0.003704 0.093395 0.072319 0.017158 0.031463 0.022249 0.162991 0.018725
0.000001 0.000398 0.013997 0.012640 0.008812 0.057497 0.026722 0.003804 0.000001 0.003718 0.086432 0.083014 0.000429 0.037233 0.002092 0.004544 0.000838 0.055498 0.000007 0.002355 0.005816 0.155106 0.013196 0.030672 0.049028 0.058953 0.046375 0.013484 0.205449 0.021891
0.000534 0.004248 0.009801 0.005579 0.000663 0.097311 0.055652 0.021680 0.000005 0.008599 0.002568 0.062078 0.017253 0.069595 0.036440 0.006905 0.001790 0.103652 0.015424 0.002902 0.000359 0.121882 0.000000 0.107645 0.070293 0.000594 0.008086 0.069670 0.078702 0.020090
0.000187 0.000000 0.011010 0.000118 0.004557 0.065991 0.053272 0.006940 0.001533 0.005165 0.027613 0.096397 0.003353 0.042874 0.012019 0.022651 0.000446 0.092955 0.012668 0.038541 0.026036 0.150690 0.000000 0.095274 0.113665 0.000523 0.014046 0.017305 0.064090 0.020081
0.000000 0.000000 0.011194 0.000425 0.010456 0.039288 0.035430 0.004081 0.000397 0.000512 0.036568 0.129160 0.000784 0.027039 0.000000 0.042922 0.000624 0.073617 0.006508 0.066417 0.092888 0.097672 0.000000 0.117740 0.134515 0.000000 0.004384 0.004645 0.052093 0.010640
0.016039 0.001165 0.035308 0.000000 0.000796 0.057630 0.003816 0.000859 0.003984 0.000838 0.016693 0.002945 0.054689 0.078473 0.011985 0.000289 0.000746 0.121463 0.025829 0.015235 0.001349 0.019868 0.181061 0.015847 0.135382 0.016852 0.005764 0.001873 0.160921 0.012299
0.027273 0.002207 0.005406 0.000599 0.000001 0.024546 0.000001 0.000025 0.001041 0.001591 0.066756 0.000036 0.042252 0.046856 0.068597 0.000001 0.000007 0.082763 0.038473 0.008234 0.000001 0.008934 0.074852 0.000001 0.056202 0.117133 0.021784 0.000718 0.293134 0.010578
0.009280 0.005139 0.045147 0.000910 0.005480 0.064240 0.029761 0.000000 0.009156 0.005569 0.019147 0.006211 0.028036 0.021717 0.029375 0.000075 0.000109 0.136780 0.022912 0.053651 0.002407 0.001720 0.039203 0.045691 0.144078 0.067491 0.023006 0.005357 0.175024 0.003326
0.006044 0.000001 0.013601 0.000006 0.000258 0.044629 0.000001 0.000001 0.011842 0.000001 0.037125 0.001991 0.016326 0.096982 0.018846 0.000006 0.000022 0.092917 0.010387 0.041389 0.001408 0.029023 0.148920 0.001340 0.077999 0.070364 0.000316 0.008140 0.256256 0.013863
0.008208 0.007797 0.044603 0.000000 0.001159 0.061944 0.003142 0.003543 0.016798 0.000826 0.000611 0.001432 0.016269 0.020441 0.043855 0.000648 0.001747 0.131064 0.035598 0.095001 0.011764 0.000010 0.079594 0.083830 0.016962 0.098330 0.012508 0.006671 0.195633 0.000010
0.007565 0.026116 0.065299 0.032078 0.003258 0.077250 0.003026 0.000194 0.001121 0.000123 0.010581 0.000251 0.008482 0.000000 0.000019 0.011947 0.002303 0.151692 0.020334 0.074149 0.023355 0.001272 0.052449 0.066613 0.074887 0.094998 0.040786 0.048242 0.101607 0.000000
0.014280 0.002781 0.069972 0.000005 0.000005 0.105942 0.000590 0.003551 0.000000 0.019628 0.024153 0.000328 0.013534 0.019091 0.000000 0.004245 0.000019 0.128669 0.001403 0.062528 0.015644 0.000000 0.025356 0.108096 0.092395 0.159491 0.001755 0.019000 0.107535 0.000000
0.030082 0.007201 0.000711 0.039786 0.021799 0.005542 0.033338 0.000113 0.003242 0.003369 0.028289 0.330320 0.018867 0.022699 0.021700 0.012109 0.037043 0.048357 0.042613 0.015189 0.000992 0.042261 0.066478 0.033492 0.029949 0.022720 0.014437 0.007644 0.042352 0.017306
0.008026 0.005899 0.000472 0.004572 0.070967 0.026044 0.009636 0.000001 0.049792 0.008740 0.061157 0.508696 0.014281 0.001994 0.049408 0.005475 0.094230 0.010955 0.000001 0.000001 0.000001 0.000001 0.005172 0.005838 0.000001 0.041086 0.017244 0.000310 0.000001 0.000001
0.002850 0.018746 0.024503 0.000250 0.109864 0.010891 0.021956 0.008825 0.006385 0.000000 0.063023 0.353804 0.001737 0.017490 0.016867 0.084484 0.020714 0.072462 0.011599 0.024472 0.008402 0.000806 0.019449 0.005437 0.055164 0.022312 0.005985 0.000410 0.002926 0.008184
0.059036 0.002628 0.030877 0.038849 0.005592 0.003500 0.017673 0.012488 0.000001 0.006908 0.059218 0.069988 0.000001 0.000070 0.000006 0.083771 0.148911 0.078875 0.001194 0.035463 0.001755 0.016699 0.039470 0.035398 0.130089 0.105445 0.000001 0.000161 0.003970 0.011964
0.033629 0.023203 0.003801 0.132098 0.006087 0.000001 0.000140 0.029959 0.011114 0.021977 0.003894 0.045607 0.001274 0.000335 0.016727 0.084847 0.079365 0.058625 0.035107 0.039177 0.003151 0.115000 0.029959 0.000001 0.077999 0.083760 0.000689 0.015621 0.026307 0.020546
0.039427 0.018376 0.000001 0.104828 0.000099 0.000050 0.000001 0.016564 0.017026 0.026293 0.083388 0.025065 0.023241 0.000013 0.035012 0.017075 0.042771 0.045702 0.046614 0.050226 0.006714 0.149020 0.011676 0.000026 0.056063 0.125100 0.000001 0.013317 0.007577 0.038734
0.078616 0.018866 0.000001 0.067949 0.000001 0.000087 0.000001 0.050940 0.000544 0.041901 0.104193 0.002315 0.034475 0.000001 0.038074 0.024464 0.019123 0.049984 0.054925 0.007713 0.000216 0.105664 0.022993 0.000258 0.043486 0.189991 0.000001 0.006970 0.018395 0.017852
0.017123 0.019428 0.003594 0.075769 0.033327 0.052643 0.002242 0.021915 0.052232 0.003932 0.016921 0.010608 0.016845 0.000000 0.007694 0.172595 0.103611 0.086264 0.091225 0.035963 0.014676 0.022748 0.038881 0.013823 0.007791 0.030865 0.010145 0.011380 0.020016 0.005743
0.000922 0.008012 0.000518 0.050809 0.000156 0.050255 0.001813 0.061954 0.001445 0.002502 0.023372 0.000762 0.008333 0.003926 0.050110 0.233035 0.117015 0.080303 0.074202 0.020384 0.003724 0.000001 0.043015 0.053730 0.039483 0.055227 0.000001 0.006593 0.008395 0.000001
0.009058 0.016319 0.008051 0.063214 0.000298 0.121336 0.002953 0.035172 0.000001 0.000167 0.043343 0.003811 0.001935 0.007073 0.047073 0.209451 0.102528 0.051388 0.091234 0.000601 0.002392 0.000001 0.073513 0.001305 0.002901 0.041466 0.001746 0.015032 0.040224 0.006415
0.030866 0.032111 0.001616 0.081432 0.012904 0.050156 0.000000 0.038577 0.045266 0.019988 0.018412 0.013462 0.003923 0.033825 0.038251 0.156366 0.118393 0.060491 0.050171 0.030856 0.021603 0.014934 0.038799 0.006704 0.005034 0.015240 0.000060 0.005973 0.042880 0.011708
0.014496 0.001070 0.039449 0.000283 0.054411 0.058966 0.027999 0.016222 0.001800 0.017431 0.095278 0.015254 0.002854 0.022301 0.000000 0.246614 0.075835 0.045954 0.037325 0.072465 0.047971 0.039584 0.000000 0.005498 0.023527 0.000000 0.000554 0.030881 0.003936 0.002042
0.026143 0.008956 0.033670 0.020119 0.005667 0.103339 0.004452 0.026350 0.008893 0.023852 0.050307 0.057396 0.003106 0.032146 0.012987 0.284318 0.100069 0.029190 0.035768 0.012187 0.006154 0.039153 0.000439 0.001095 0.036448 0.000005 0.001370 0.031274 0.000338 0.004808
0.073642 0.006035 0.006370 0.010314 0.032672 0.027190 0.005351 0.021519 0.088452 0.009922 0.039876 0.025798 0.002930 0.043132 0.059102 0.239774 0.092340 0.028077 0.010078 0.028473 0.002723 0.076818 0.000486 0.028332 0.009257 0.000015 0.000411 0.014489 0.007299 0.009125
0.057833 0.000812 0.007697 0.019600 0.009865 0.073874 0.012458 0.021073 0.054646 0.014675 0.000672 0.017007 0.008262 0.039581 0.035235 0.325529 0.089611 0.033622 0.055839 0.002801 0.011715 0.026022 0.000145 0.001893 0.007311 0.000000 0.010937 0.054719 0.000300 0.006263
0.103426 0.005043 0.010137 0.045946 0.009249 0.034559 0.020455 0.011326 0.033785 0.015678 0.030415 0.051357 0.002332 0.035426 0.054120 0.232124 0.064443 0.031350 0.005754 0.036511 0.001268 0.070129 0.001138 0.019006 0.040588 0.001610 0.010095 0.009997 0.001299 0.011435
0.013983 0.000770 0.008436 0.000225 0.067396 0.010731 0.014805 0.016513 0.129506 0.048819 0.048114 0.039049 0.002356 0.000000 0.000000 0.293769 0.032132 0.049310 0.044143 0.062349 0.046881 0.026347 0.000000 0.028760 0.009068 0.004656 0.000674 0.000149 0.000144 0.000913
0.103350 0.001499 0.000066 0.079543 0.027673 0.031877 0.006599 0.007792 0.057919 0.015650 0.011089 0.055083 0.001297 0.036888 0.013912 0.248157 0.069210 0.022314 0.071535 0.036451 0.001006 0.044539 0.011681 0.014894 0.001095 0.002213 0.000761 0.004091 0.010108 0.011709
0.147019 0.000000 0.001273 0.030942 0.003400 0.084436 0.013796 0.010135 0.014297 0.002443 0.042417 0.038869 0.027150 0.059779 0.015313 0.280733 0.049292 0.013376 0.062501 0.018134 0.008776 0.017999 0.013074 0.001156 0.032260 0.003535 0.001653 0.000307 0.002059 0.003874
0.039905 0.003575 0.012289 0.018434 0.037586 0.057004 0.019848 0.012171 0.010791 0.033000 0.049251 0.033970 0.017651 0.009685 0.000000 0.264035 0.034856 0.036590 0.107700 0.054350 0.023837 0.046719 0.005628 0.002810 0.057768 0.002734 0.001902 0.000160 0.004419 0.001331
0.027725 0.001731 0.005774 0.015692 0.063676 0.075166 0.015922 0.009948 0.010154 0.030981 0.038374 0.023759 0.013884 0.017414 0.005624 0.281139 0.011829 0.039878 0.109442 0.023495 0.017807 0.067568 0.003979 0.001453 0.051958 0.002675 0.012572 0.001060 0.010547 0.008773
0.043933 0.002284 0.002200 0.103798 0.044733 0.023265 0.014557 0.003963 0.008614 0.040715 0.018200 0.037256 0.005681 0.043177 0.001383 0.201944 0.011082 0.052182 0.105175 0.026343 0.002961 0.079605 0.009128 0.005709 0.058008 0.006106 0.004769 0.000001 0.024194 0.019034
0.001735 0.000104 0.002519 0.034950 0.010447 0.085976 0.001561 0.028474 0.006862 0.029705 0.030716 0.009479 0.056600 0.044922 0.028244 0.309677 0.031134 0.045364 0.128877 0.004822 0.003144 0.032722 0.013422 0.000893 0.024560 0.011627 0.000884 0.001504 0.019028 0.000047
0.046774 0.000009 0.009710 0.055742 0.019367 0.062716 0.006328 0.004311 0.014294 0.023524 0.044963 0.029500 0.017124 0.007586 0.000172 0.251012 0.061988 0.048867 0.149246 0.021555 0.004072 0.039111 0.006353 0.003626 0.015930 0.042570 0.005891 0.000013 0.003772 0.003875
0.000001 0.000711 0.000792 0.054925 0.055135 0.084807 0.005253 0.003034 0.007890 0.037032 0.094082 0.000070 0.032409 0.001421 0.012944 0.172554 0.000001 0.062675 0.165887 0.009194 0.005782 0.062565 0.023629 0.000909 0.010551 0.044730 0.007442 0.001171 0.042226 0.000175
0.056074 0.005014 0.004183 0.083784 0.065933 0.007615 0.006028 0.006295 0.055621 0.030711 0.017985 0.007948 0.007139 0.004690 0.013562 0.157731 0.026493 0.061146 0.150090 0.043877 0.000000 0.090549 0.004970 0.024568 0.006357 0.045655 0.001143 0.000912 0.007264 0.006663
0.081348 0.000203 0.000001 0.191123 0.018585 0.000001 0.000001 0.001668 0.027732 0.038611 0.031892 0.007990 0.017404 0.043928 0.019306 0.125924 0.011924 0.027716 0.140016 0.004857 0.000001 0.056936 0.012021 0.000001 0.000114 0.072663 0.005667 0.009390 0.038910 0.014069
0.066762 0.007010 0.003114 0.104774 0.001163 0.014299 0.002641 0.011168 0.010432 0.075056 0.084431 0.002454 0.040268 0.003797 0.020379 0.106410 0.036500 0.056838 0.126613 0.002267 0.000001 0.070932 0.033405 0.019124 0.002319 0.057551 0.000001 0.002109 0.035653 0.002530
0.028646 0.011288 0.000670 0.153408 0.020510 0.000001 0.001531 0.000001 0.070801 0.059306 0.054334 0.008516 0.057269 0.000038 0.082281 0.106394 0.006785 0.043129 0.080468 0.000959 0.000001 0.074895 0.012841 0.006265 0.001650 0.051243 0.013733 0.000001 0.047379 0.005656
0.049096 0.012439 0.000358 0.070125 0.021566 0.023939 0.001196 0.001983 0.038434 0.056078 0.091260 0.000928 0.027129 0.000001 0.018265 0.125811 0.021739 0.068935 0.131257 0.010646 0.001000 0.082223 0.012596 0.026464 0.004474 0.060580 0.009172 0.000051 0.030938 0.001319
0.085930 0.021088 0.000001 0.112488 0.000001 0.000865 0.000001 0.017492 0.017249 0.075534 0.089851 0.000547 0.072101 0.002098 0.026448 0.069140 0.018674 0.034799 0.111374 0.002061 0.000008 0.080887 0.019493 0.009437 0.000230 0.083213 0.000008 0.000089 0.047506 0.001389
0.000001 0.003743 0.004808 0.102652 0.000001 0.100868 0.003710 0.008858 0.000006 0.033475 0.066944 0.000001 0.042453 0.019750 0.034896 0.196347 0.039303 0.060929 0.128937 0.000247 0.000001 0.000012 0.078495 0.000670 0.000001 0.007694 0.001279 0.000319 0.063602 0.000001
0.059338 0.001555 0.026884 0.000001 0.040844 0.018269 0.000039 0.000317 0.076898 0.080208 0.002263 0.001404 0.096315 0.013405 0.000961 0.000001 0.035550 0.000001 0.000001 0.000001 0.023221 0.097199 0.241127 0.009590 0.000001 0.120633 0.000165 0.039985 0.013392 0.000431
0.014606 0.000753 0.002146 0.015856 0.075553 0.001331 0.049463 0.054550 0.018312 0.043774 0.024517 0.009352 0.041337 0.015943 0.121304 0.000013 0.090967 0.000007 0.000591 0.008488 0.078227 0.078215 0.089220 0.002121 0.019363 0.107563 0.000001 0.000430 0.021800 0.014196
0.019858 0.005189 0.007128 0.000000 0.122507 0.000000 0.138816 0.019494 0.010762 0.002757 0.018911 0.047970 0.021404 0.001949 0.009885 0.002468 0.125911 0.000703 0.000100 0.002862 0.161884 0.047198 0.030351 0.048504 0.042592 0.098482 0.000399 0.000399 0.000220 0.011295
0.039178 0.001896 0.062553 0.000001 0.238859 0.000001 0.023223 0.005834 0.032003 0.009070 0.000247 0.002105 0.010369 0.017488 0.008720 0.003188 0.044506 0.000001 0.000025 0.000339 0.108210 0.064092 0.168079 0.036396 0.001176 0.104659 0.011445 0.001970 0.000222 0.004148
0.001337 0.013744 0.020985 0.024606 0.286032 0.000001 0.084154 0.017983 0.011823 0.001082 0.000001 0.053040 0.000068 0.007376 0.034984 0.001042 0.061416 0.000028 0.000001 0.003178 0.131395 0.015229 0.051656 0.007591 0.017801 0.071572 0.014590 0.013234 0.050057 0.003997
0.000709 0.030928 0.012158 0.151969 0.167985 0.000030 0.010258 0.026100 0.002764 0.012507 0.000534 0.062368 0.015590 0.070289 0.098268 0.000020 0.032828 0.000670 0.000001 0.045935 0.055737 0.018567 0.026643 0.000815 0.003065 0.047118 0.036958 0.004432 0.057269 0.007485
0.023272 0.021133 0.008768 0.042288 0.171331 0.007418 0.234935 0.013372 0.006423 0.000475 0.000292 0.098914 0.004353 0.048757 0.026898 0.000126 0.121391 0.000001 0.000018 0.000001 0.068054 0.002105 0.000023 0.038565 0.000001 0.016129 0.030827 0.006400 0.002551 0.005176
0.027200 0.028217 0.008338 0.012348 0.130029 0.007197 0.119516 0.050947 0.006453 0.031192 0.000800 0.033287 0.084153 0.096377 0.015596 0.000286 0.076609 0.000001 0.001538 0.000081 0.094697 0.080161 0.011152 0.003162 0.002858 0.057865 0.010334 0.001842 0.001433 0.006329
0.005541 0.000471 0.023768 0.009529 0.074341 0.005446 0.277939 0.009838 0.006932 0.000850 0.001487 0.026398 0.090013 0.046704 0.032940 0.016276 0.033130 0.005081 0.019761 0.004349 0.082198 0.051423 0.018085 0.009748 0.011044 0.106635 0.024110 0.000542 0.001035 0.004387
0.004519 0.000941 0.014303 0.004664 0.095098 0.024615 0.260966 0.013940 0.007221 0.000523 0.000891 0.037365 0.053250 0.077530 0.034538 0.013562 0.063292 0.001041 0.006385 0.003171 0.060326 0.044844 0.014005 0.010839 0.000000 0.105489 0.030855 0.002583 0.010541 0.002703
0.008560 0.005852 0.015894 0.004222 0.068893 0.000049 0.260786 0.004507 0.004329 0.003189 0.000611 0.015289 0.078837 0.065063 0.020379 0.023710 0.058138 0.000000 0.035712 0.006827 0.091516 0.040200 0.021621 0.002579 0.011339 0.095190 0.050969 0.001840 0.000277 0.003621
0.004563 0.006976 0.008568 0.018149 0.056425 0.025446 0.197490 0.013337 0.044218 0.013320 0.002550 0.012200 0.001803 0.001486 0.000000 0.016089 0.120028 0.000249 0.004864 0.023283 0.162266 0.000597 0.094552 0.045020 0.007581 0.067019 0.039204 0.009538 0.000000 0.003177
0.017280 0.017332 0.003571 0.013836 0.046978 0.003075 0.240822 0.001307 0.035579 0.010014 0.029374 0.007771 0.034831 0.000304 0.009526 0.011870 0.101349 0.003409 0.000449 0.006703 0.127472 0.003844 0.091454 0.023828 0.012952 0.086985 0.045888 0.008532 0.000717 0.002947
0.029045 0.008638 0.003268 0.000081 0.019824 0.013707 0.195507 0.000077 0.041736 0.051181 0.000284 0.065306 0.029954 0.064461 0.007631 0.020759 0.109646 0.000013 0.002951 0.000000 0.061577 0.000233 0.150858 0.008769 0.000000 0.072049 0.031239 0.011035 0.000106 0.000064
0.001236 0.040763 0.005531 0.032324 0.019485 0.018891 0.288738 0.000996 0.008914 0.004640 0.022900 0.004431 0.008466 0.024625 0.049057 0.018370 0.077398 0.004442 0.018901 0.000772 0.069454 0.000006 0.101824 0.010822 0.002310 0.077575 0.057673 0.015107 0.011812 0.002539
0.000455 0.073546 0.001749 0.043121 0.009037 0.010779 0.277012 0.003414 0.001162 0.000012 0.032589 0.010577 0.008582 0.000001 0.022265 0.009431 0.048305 0.008001 0.020890 0.001798 0.039949 0.000159 0.145841 0.010807 0.013832 0.153929 0.050634 0.000477 0.000001 0.001645
0.058577 0.000000 0.000016 0.000152 0.000702 0.001084 0.065785 0.000016 0.002451 0.000004 0.001991 0.006125 0.000000 0.345928 0.229004 0.020316 0.000000 0.000004 0.000811 0.000935 0.060046 0.000000 0.014471 0.000074 0.115794 0.045618 0.029990 0.000000 0.000102 0.000000
0.000001 0.056664 0.006046 0.062132 0.042742 0.031972 0.134211 0.018843 0.003247 0.000001 0.001270 0.059254 0.019427 0.006147 0.023279 0.012718 0.022760 0.007438 0.013974 0.018172 0.018554 0.002612 0.305557 0.001011 0.001342 0.027824 0.044249 0.022414 0.036127 0.000015
0.077116 0.053418 0.027314 0.000478 0.012995 0.000000 0.068760 0.038131 0.009008 0.005443 0.019690 0.000000 0.028244 0.052150 0.015600 0.104747 0.008073 0.000000 0.001066 0.000000 0.103288 0.029483 0.180599 0.074782 0.000622 0.050374 0.029437 0.007540 0.001053 0.000584
0.056213 0.037381 0.008615 0.065061 0.001435 0.000702 0.049731 0.046711 0.016178 0.002659 0.000217 0.000000 0.017114 0.085442 0.020541 0.032480 0.008513 0.001842 0.021472 0.007326 0.081477 0.000000 0.138317 0.144101 0.001594 0.043205 0.045218 0.006337 0.059847 0.000270
0.025900 0.035473 0.037237 0.028573 0.022368 0.000863 0.036521 0.048511 0.022805 0.025437 0.000131 0.000274 0.004379 0.070087 0.008281 0.031516 0.048200 0.003562 0.001680 0.005924 0.056561 0.017770 0.134562 0.191800 0.000800 0.052283 0.008673 0.015653 0.063473 0.000703
0.000001 0.004056 0.000607 0.138615 0.025986 0.006799 0.108580 0.031780 0.000059 0.031360 0.000001 0.031967 0.004932 0.065042 0.013200 0.000222 0.030158 0.000141 0.000059 0.061681 0.008847 0.000001 0.068328 0.159740 0.001424 0.033502 0.051008 0.020185 0.101718 0.000001
0.000001 0.007931 0.002697 0.098419 0.001799 0.009972 0.020347 0.092523 0.000001 0.090200 0.000008 0.018610 0.060233 0.079284 0.067233 0.000123 0.029603 0.000443 0.000199 0.011267 0.002751 0.008471 0.069694 0.064788 0.004739 0.069762 0.005211 0.041273 0.142418 0.000001
0.000000 0.014765 0.004571 0.055770 0.017677 0.000174 0.139640 0.037163 0.000019 0.037745 0.000076 0.023014 0.068707 0.043162 0.023859 0.000057 0.023244 0.000000 0.000339 0.085092 0.030723 0.039319 0.044388 0.132491 0.021078 0.060411 0.004679 0.015413 0.076421 0.000000
0.000001 0.028649 0.000329 0.033197 0.047754 0.005818 0.129031 0.059837 0.000427 0.035632 0.008291 0.020539 0.085963 0.081885 0.000121 0.002709 0.049877 0.000011 0.000033 0.019734 0.007843 0.025623 0.001954 0.163738 0.072287 0.019559 0.018082 0.028359 0.049964 0.002753
0.000976 0.019779 0.004396 0.063222 0.008062 0.001051 0.103438 0.054223 0.000001 0.027819 0.010769 0.005934 0.012784 0.187087 0.015368 0.001432 0.047507 0.000445 0.002037 0.058559 0.019742 0.004476 0.002391 0.161032 0.060805 0.010597 0.038523 0.017908 0.059615 0.000022
0.000062 0.003621 0.011559 0.036958 0.000698 0.003357 0.142292 0.045846 0.000001 0.012666 0.006364 0.004565 0.020076 0.139004 0.073600 0.000001 0.016663 0.000001 0.000192 0.133472 0.030285 0.008574 0.019789 0.077777 0.057640 0.036688 0.002851 0.007000 0.108399 0.000001
0.002581 0.004673 0.041529 0.074453 0.078196 0.000000 0.080737 0.000000 0.014243 0.018857 0.005064 0.000000 0.011303 0.113432 0.071822 0.000808 0.000000 0.000171 0.000108 0.160683 0.034836 0.000943 0.000202 0.100195 0.000319 0.000027 0.062769 0.014808 0.106681 0.000557
0.000088 0.038234 0.065395 0.064691 0.059507 0.000073 0.113282 0.003838 0.000967 0.013443 0.004723 0.000000 0.053216 0.116532 0.010878 0.000000 0.000000 0.000000 0.000151 0.141536 0.032676 0.049470 0.000000 0.035620 0.004446 0.006962 0.021143 0.065220 0.097906 0.000000
0.003663 0.029799 0.009991 0.019794 0.009191 0.005779 0.133578 0.043794 0.000878 0.034131 0.047726 0.010458 0.019398 0.086590 0.026733 0.002362 0.012796 0.000005 0.000000 0.015504 0.026165 0.030555 0.042531 0.179338 0.010087 0.104971 0.014753 0.010834 0.063886 0.004709
0.000000 0.036404 0.010112 0.031812 0.013595 0.015486 0.091950 0.059517 0.000468 0.040455 0.018416 0.003792 0.030314 0.110988 0.029015 0.001185 0.013530 0.000264 0.000205 0.045172 0.022561 0.043848 0.054014 0.097698 0.021268 0.087159 0.019188 0.025049 0.076227 0.000309
0.000001 0.003213 0.001216 0.013599 0.000234 0.025591 0.046625 0.111479 0.000456 0.048541 0.014913 0.021292 0.020468 0.097022 0.000760 0.005281 0.047956 0.000859 0.007068 0.024901 0.002933 0.031817 0.136736 0.124300 0.000001 0.093120 0.000269 0.006181 0.113167 0.000001
0.000000 0.017984 0.000930 0.039426 0.006537 0.007885 0.123874 0.089548 0.000446 0.021665 0.020062 0.011077 0.050132 0.080568 0.002325 0.005086 0.021779 0.000005 0.002875 0.021803 0.020816 0.008938 0.082684 0.167464 0.020773 0.093993 0.018506 0.000285 0.062400 0.000133
0.000001 0.004046 0.003567 0.031695 0.022948 0.030657 0.055310 0.103528 0.001256 0.033373 0.022235 0.009101 0.036556 0.108960 0.003099 0.005004 0.039820 0.000001 0.000862 0.008656 0.007332 0.056252 0.134407 0.093544 0.000035 0.087028 0.007252 0.003932 0.089544 0.000001
0.000001 0.004544 0.000159 0.045943 0.000075 0.001314 0.128689 0.093306 0.000091 0.020187 0.027097 0.001218 0.010814 0.050058 0.014796 0.002082 0.034754 0.000001 0.015511 0.014070 0.037852 0.001224 0.094640 0.220438 0.032996 0.095816 0.000662 0.000001 0.051662 0.000001
0.019452 0.005425 0.020516 0.038477 0.044982 0.028549 0.008225 0.055565 0.003788 0.073062 0.000612 0.055499 0.000661 0.122617 0.005562 0.005518 0.133800 0.028970 0.000715 0.025657 0.008656 0.084108 0.000001 0.120183 0.020723 0.000377 0.000104 0.043219 0.021143 0.023834
0.026434 0.030135 0.013952 0.053956 0.028094 0.001798 0.000115 0.044368 0.010350 0.075066 0.000001 0.007319 0.002316 0.170511 0.036212 0.004524 0.079757 0.010647 0.017775 0.053720 0.008347 0.108772 0.000001 0.012947 0.017577 0.000001 0.021035 0.072287 0.052890 0.039091
0.030277 0.006046 0.024584 0.000990 0.000243 0.045792 0.016809 0.022087 0.000001 0.061279 0.000962 0.014755 0.000001 0.193908 0.033431 0.000070 0.042264 0.064939 0.000001 0.009747 0.000443 0.039373 0.000001 0.192490 0.116077 0.000008 0.000001 0.053601 0.002816 0.027005
0.023080 0.058535 0.013693 0.007271 0.123618 0.000001 0.000001 0.003711 0.072822 0.146119 0.000001 0.020464 0.035171 0.169769 0.014470 0.012440 0.000001 0.000001 0.000001 0.009871 0.003172 0.175548 0.000001 0.000001 0.007517 0.000286 0.008896 0.080481 0.000001 0.013059
0.002619 0.002738 0.018785 0.049582 0.114012 0.045810 0.000312 0.007445 0.067296 0.038113 0.000877 0.004163 0.001535 0.141725 0.000000 0.008890 0.120347 0.042533 0.000184 0.036034 0.014038 0.076567 0.014800 0.091327 0.000000 0.000000 0.000664 0.035792 0.063050 0.000763
0.006690 0.001933 0.048452 0.038035 0.075688 0.083370 0.000524 0.014531 0.013698 0.019288 0.002396 0.033411 0.000078 0.163394 0.000181 0.100455 0.150324 0.074610 0.000039 0.044893 0.010314 0.000954 0.000000 0.045829 0.000121 0.000000 0.002143 0.053901 0.004449 0.010297
0.015895 0.001185 0.001677 0.150471 0.000673 0.027178 0.002788 0.006900 0.000546 0.041322 0.050896 0.009508 0.000260 0.005330 0.003886 0.020219 0.099063 0.082710 0.006740 0.040730 0.002782 0.166737 0.035867 0.067402 0.026493 0.070416 0.000001 0.006780 0.031290 0.024257
0.000001 0.000017 0.000247 0.167944 0.000001 0.030775 0.000338 0.018173 0.002778 0.044765 0.063200 0.006129 0.000436 0.013153 0.000863 0.016867 0.066683 0.082481 0.010114 0.036139 0.003451 0.165183 0.035384 0.055511 0.028113 0.090631 0.000001 0.010319 0.042317 0.007986
0.006094 0.000001 0.003865 0.130784 0.018863 0.042032 0.007044 0.021155 0.007649 0.035761 0.001988 0.006226 0.002995 0.001809 0.000001 0.056581 0.103710 0.114169 0.051317 0.045189 0.002615 0.076641 0.040771 0.051386 0.008766 0.071417 0.001193 0.000358 0.089582 0.000041
0.003588 0.000365 0.021877 0.077276 0.002731 0.054135 0.008931 0.029715 0.000069 0.029036 0.006481 0.006609 0.000000 0.005211 0.000000 0.129871 0.149519 0.123976 0.018900 0.035738 0.004680 0.007873 0.029449 0.081011 0.043906 0.067106 0.000000 0.000522 0.055552 0.005871
0.000737 0.000001 0.011817 0.106417 0.015390 0.053840 0.008429 0.021864 0.006155 0.038244 0.003297 0.008499 0.013604 0.000417 0.000006 0.095039 0.088543 0.115062 0.061505 0.036745 0.001132 0.078285 0.040940 0.050527 0.010480 0.062869 0.001998 0.001013 0.066403 0.000742
0.000011 0.000821 0.000271 0.104558 0.040551 0.000001 0.000001 0.000001 0.101473 0.097050 0.000001 0.007270 0.055774 0.003947 0.000302 0.092138 0.000032 0.020509 0.037923 0.000364 0.000001 0.146644 0.133114 0.000022 0.000022 0.061672 0.025141 0.005972 0.064361 0.000053
0.078272 0.003590 0.013287 0.004804 0.001670 0.072269 0.009774 0.029777 0.133754 0.010738 0.258624 0.000008 0.009662 0.000000 0.106850 0.001685 0.000051 0.054564 0.017038 0.000579 0.005826 0.000837 0.005599 0.039069 0.075238 0.033031 0.000000 0.006725 0.000945 0.025732
0.008980 0.019802 0.001928 0.001631 0.001360 0.149440 0.005841 0.042589 0.134539 0.026507 0.279367 0.001248 0.006359 0.000000 0.085560 0.000050 0.000982 0.047178 0.012380 0.000005 0.004044 0.000032 0.010773 0.012637 0.069726 0.034357 0.000000 0.017293 0.000253 0.025138
0.026992 0.007288 0.010423 0.009497 0.008718 0.078838 0.016972 0.003411 0.163287 0.008219 0.241746 0.002376 0.003371 0.000000 0.124188 0.000192 0.000448 0.038437 0.008750 0.004186 0.017168 0.000000 0.006474 0.020303 0.096162 0.025818 0.000000 0.026497 0.000004 0.050234
0.008802 0.000037 0.001897 0.003329 0.000001 0.178387 0.004054 0.079553 0.125938 0.007303 0.005262 0.000073 0.034993 0.000103 0.022574 0.000013 0.000538 0.093966 0.178592 0.000852 0.000001 0.051979 0.002942 0.038804 0.056587 0.028717 0.003160 0.005842 0.000001 0.065702
0.032552 0.000580 0.000001 0.001596 0.004730 0.020072 0.001284 0.000001 0.144394 0.087156 0.079405 0.036310 0.013423 0.004594 0.011572 0.001034 0.000006 0.004549 0.000080 0.054343 0.005599 0.017556 0.013344 0.000001 0.129223 0.023013 0.001579 0.014014 0.005514 0.292478
0.048997 0.000001 0.000761 0.011495 0.000001 0.165384 0.004730 0.069435 0.035189 0.039871 0.003692 0.010719 0.030286 0.000001 0.039008 0.000104 0.041582 0.028654 0.201199 0.000246 0.000001 0.005910 0.000017 0.000262 0.069245 0.036584 0.000001 0.027600 0.003257 0.125767
0.037775 0.000012 0.009291 0.033165 0.013107 0.153618 0.013444 0.003775 0.223685 0.004180 0.050339 0.017015 0.009361 0.000535 0.000004 0.014521 0.012182 0.037136 0.051022 0.076102 0.018763 0.005204 0.005969 0.003794 0.029828 0.005394 0.010764 0.030099 0.002688 0.127228
0.003462 0.000000 0.013947 0.012690 0.005929 0.124969 0.022460 0.002078 0.249509 0.007041 0.066763 0.006915 0.024224 0.000000 0.000359 0.007620 0.023343 0.048848 0.059568 0.082969 0.009777 0.014173 0.002003 0.020406 0.013793 0.018301 0.013513 0.012370 0.001213 0.131757
0.009277 0.000012 0.015209 0.010345 0.006850 0.120777 0.026798 0.001683 0.237826 0.010699 0.074927 0.006199 0.027697 0.000031 0.000460 0.008178 0.011162 0.052975 0.071701 0.065375 0.004749 0.010351 0.002331 0.019573 0.035611 0.019655 0.014371 0.006159 0.000748 0.128268
0.023456 0.000000 0.005769 0.012474 0.000756 0.139358 0.022153 0.017429 0.225277 0.011073 0.058791 0.007354 0.019952 0.000225 0.001620 0.003236 0.006561 0.054709 0.064603 0.078474 0.001754 0.031949 0.005120 0.021887 0.018101 0.022798 0.003440 0.004996 0.001153 0.135529
0.117650 0.024915 0.002031 0.003239 0.000144 0.146673 0.007478 0.018536 0.074513 0.000233 0.023779 0.014858 0.011214 0.006899 0.017286 0.001504 0.018954 0.018202 0.223284 0.071756 0.001943 0.015926 0.007056 0.011510 0.011637 0.007376 0.002420 0.001782 0.012561 0.124642
0.113430 0.014839 0.036613 0.000101 0.000095 0.009269 0.000556 0.022113 0.179590 0.000001 0.000001 0.000001 0.002705 0.000012 0.029671 0.016049 0.033625 0.047419 0.356520 0.000001 0.000001 0.012628 0.002783 0.005482 0.000001 0.000084 0.011118 0.000001 0.000001 0.105294
0.184307 0.039352 0.008396 0.000000 0.000587 0.105099 0.002592 0.011292 0.137317 0.000247 0.000018 0.040511 0.010867 0.010168 0.000000 0.028025 0.011932 0.028893 0.166285 0.000099 0.006288 0.023791 0.000009 0.043245 0.006646 0.006960 0.009703 0.002332 0.003594 0.111445
0.091033 0.001710 0.000067 0.030362 0.023930 0.262182 0.032839 0.005809 0.148146 0.000001 0.000984 0.015943 0.001628 0.000001 0.019327 0.027386 0.014414 0.000804 0.125025 0.031387 0.022056 0.060193 0.000001 0.008796 0.000675 0.000001 0.000685 0.003806 0.000001 0.070811
0.088548 0.009083 0.012364 0.000648 0.001335 0.111723 0.005604 0.013428 0.133635 0.000696 0.000914 0.023198 0.014403 0.000000 0.000000 0.008658 0.009101 0.024528 0.353424 0.010631 0.001446 0.015183 0.000005 0.019931 0.018818 0.000918 0.006477 0.000000 0.007497 0.107805
0.106823 0.014185 0.009231 0.000029 0.000001 0.037440 0.000075 0.024025 0.160031 0.000012 0.002851 0.000001 0.009698 0.017566 0.026648 0.010434 0.007138 0.029264 0.421690 0.000001 0.000075 0.000035 0.001226 0.021568 0.000001 0.001996 0.010895 0.000001 0.000023 0.087040
0.000284 0.002970 0.000006 0.004066 0.006439 0.150864 0.012394 0.000000 0.051236 0.060581 0.071867 0.025359 0.037937 0.008974 0.003384 0.001908 0.000000 0.001105 0.078704 0.090790 0.001920 0.000118 0.000000 0.001992 0.060110 0.000000 0.013303 0.044097 0.000000 0.269589
0.027781 0.122201 0.001448 0.033371 0.001254 0.025350 0.001405 0.182578 0.010642 0.001157 0.002545 0.002949 0.033371 0.003454 0.008032 0.001582 0.000404 0.000001 0.031918 0.033129 0.223910 0.000081 0.010948 0.013541 0.162162 0.014919 0.001916 0.000001 0.000818 0.047132
0.023546 0.088838 0.007315 0.008906 0.002705 0.011695 0.014761 0.216480 0.017408 0.006528 0.002747 0.002122 0.014693 0.001319 0.028535 0.003288 0.002763 0.001429 0.052453 0.018085 0.209197 0.008523 0.013937 0.017907 0.178783 0.019445 0.000699 0.000027 0.004138 0.021729
0.068661 0.110933 0.083910 0.003786 0.000641 0.006154 0.018116 0.177854 0.007026 0.001288 0.000262 0.011251 0.047572 0.006433 0.021665 0.000772 0.001715 0.000279 0.006368 0.027468 0.116024 0.037929 0.006207 0.042641 0.151900 0.016853 0.007827 0.000001 0.002368 0.016093
0.047704 0.084228 0.002123 0.028435 0.000184 0.000001 0.000001 0.170612 0.002739 0.011163 0.000001 0.000084 0.064867 0.046597 0.205022 0.018072 0.000026 0.000042 0.009690 0.000001 0.112129 0.037441 0.059682 0.000001 0.042468 0.018954 0.000725 0.000001 0.004529 0.032480
0.106882 0.079757 0.044534 0.003310 0.000398 0.000001 0.032769 0.160610 0.000740 0.016514 0.065168 0.000001 0.000001 0.074539 0.083540 0.000238 0.001308 0.001104 0.001782 0.025643 0.089927 0.001346 0.007221 0.006625 0.124361 0.057076 0.000001 0.000006 0.000001 0.014600
0.057061 0.111066 0.012337 0.008702 0.010291 0.004400 0.009870 0.152485 0.028784 0.007706 0.006048 0.004219 0.005975 0.006814 0.074116 0.006176 0.000947 0.000574 0.007285 0.009173 0.236872 0.000000 0.013965 0.060966 0.122353 0.011635 0.000054 0.000000 0.000099 0.030025
0.000001 0.039982 0.248814 0.009213 0.000001 0.000814 0.003497 0.123876 0.000216 0.002394 0.000001 0.013506 0.054852 0.010944 0.027069 0.001000 0.019506 0.000006 0.025320 0.024112 0.075449 0.107414 0.001075 0.000105 0.066051 0.001186 0.050013 0.037007 0.005873 0.050704
0.018665 0.087546 0.215826 0.011320 0.003422 0.011090 0.000259 0.180772 0.040527 0.001937 0.000001 0.013708 0.101260 0.000202 0.000388 0.002497 0.012403 0.001019 0.040119 0.018665 0.065252 0.064506 0.003078 0.026612 0.001356 0.011047 0.038039 0.001105 0.005718 0.021663
0.000907 0.032521 0.197780 0.005940 0.006736 0.002348 0.020017 0.133691 0.002907 0.003200 0.011674 0.024742 0.020279 0.042240 0.026753 0.001346 0.003502 0.000031 0.001260 0.074120 0.097890 0.055041 0.016445 0.037957 0.076690 0.003436 0.004600 0.015755 0.001890 0.078302
0.019406 0.151909 0.064179 0.000014 0.000001 0.003208 0.000014 0.243709 0.000001 0.001743 0.000001 0.002745 0.015448 0.033575 0.139907 0.000001 0.000026 0.010775 0.001342 0.000001 0.000001 0.116857 0.031821 0.000014 0.029641 0.077796 0.000001 0.000001 0.005350 0.050512
0.013116 0.021779 0.191284 0.000118 0.027899 0.000015 0.005573 0.130553 0.005034 0.001607 0.012671 0.019826 0.015565 0.000000 0.000000 0.000000 0.002211 0.000623 0.000000 0.115321 0.125725 0.079392 0.000000 0.058311 0.100398 0.002721 0.000024 0.003700 0.000113 0.066421
0.006382 0.171379 0.146857 0.000020 0.006907 0.005286 0.000001 0.235671 0.006907 0.001360 0.000038 0.000020 0.021300 0.000001 0.121181 0.000001 0.001378 0.005651 0.000001 0.003749 0.002250 0.155965 0.003571 0.006926 0.001538 0.030661 0.000001 0.000038 0.016203 0.048756
0.030966 0.032666 0.299665 0.001550 0.027231 0.000037 0.016678 0.100362 0.010601 0.000006 0.020971 0.020950 0.009145 0.011899 0.006422 0.000141 0.009855 0.001753 0.000037 0.063272 0.087258 0.081342 0.000887 0.038869 0.023193 0.004977 0.000705 0.009589 0.007643 0.081332
0.061456 0.032083 0.362104 0.005044 0.046227 0.002692 0.001580 0.118767 0.033800 0.001165 0.000001 0.011580 0.017898 0.000796 0.000001 0.005217 0.009990 0.004324 0.000001 0.000692 0.053052 0.075716 0.001286 0.040123 0.000537 0.006848 0.007384 0.000012 0.007563 0.092062
0.170337 0.047321 0.288781 0.000012 0.019793 0.003437 0.001328 0.117963 0.017179 0.000006 0.000216 0.000449 0.002241 0.011286 0.000137 0.006301 0.005950 0.020735 0.000001 0.000018 0.086805 0.066349 0.000035 0.075559 0.000386 0.007481 0.000012 0.000023 0.000001 0.049862
0.077748 0.065900 0.299217 0.000056 0.000904 0.000352 0.010807 0.149798 0.001421 0.000001 0.000001 0.022717 0.001787 0.007262 0.008614 0.000545 0.021137 0.020193 0.006111 0.003814 0.003580 0.087926 0.001180 0.037026 0.078989 0.008607 0.003545 0.030751 0.000387 0.049625
0.040273 0.062063 0.227375 0.001345 0.013125 0.000256 0.021184 0.073051 0.001064 0.201614 0.000006 0.006863 0.001340 0.016543 0.034043 0.000314 0.000006 0.010696 0.002079 0.006204 0.018579 0.000410 0.002143 0.041390 0.091114 0.015629 0.014933 0.024092 0.000298 0.071966
0.071655 0.104942 0.199440 0.001029 0.005916 0.000005 0.030727 0.102851 0.001276 0.195909 0.001190 0.006907 0.001091 0.005912 0.008941 0.000105 0.005755 0.002191 0.004020 0.002774 0.026442 0.023806 0.000000 0.014719 0.095091 0.011894 0.010671 0.000887 0.002513 0.061340
0.062227 0.077063 0.249528 0.001799 0.025043 0.000254 0.014167 0.102689 0.016570 0.186335 0.000103 0.004197 0.001340 0.006141 0.031416 0.006903 0.002771 0.025729 0.006730 0.003122 0.020086 0.006325 0.001902 0.007740 0.046090 0.005261 0.022683 0.018125 0.007707 0.039955
0.000001 0.000328 0.045258 0.020039 0.118297 0.000069 0.000016 0.076638 0.006087 0.000001 0.064154 0.110309 0.020548 0.000001 0.000001 0.001507 0.000001 0.000434 0.000374 0.297612 0.202572 0.002793 0.000001 0.000001 0.012933 0.000001 0.000488 0.004071 0.000001 0.015467
0.003132 0.009572 0.028847 0.000096 0.091813 0.000001 0.000001 0.112642 0.084891 0.000013 0.089159 0.035919 0.042222 0.000001 0.000102 0.031026 0.000024 0.005227 0.002971 0.118475 0.248367 0.002394 0.011180 0.000001 0.060068 0.006239 0.000703 0.000001 0.000197 0.014721
0.056489 0.001438 0.073471 0.003271 0.024013 0.007285 0.019870 0.058310 0.139292 0.001686 0.033322 0.006675 0.001650 0.000000 0.000009 0.007847 0.005511 0.071706 0.028657 0.094316 0.031507 0.058743 0.000000 0.096579 0.154609 0.004079 0.000319 0.000425 0.000000 0.018921
