66
22
55
25
24
93
82
83
58
23
68
28
81
51
0
77
54
45
52
17
90
44
45
21
26
48
88
32
44
51
33
14
55
54
84
92
50
45
54
43
66
83
32
34
64
26
88
5
91
84
71
31
42
17
32
87
7
72
89
90
50
76
15
89
64
18
19
2
21
95
91
61
26
91
76
98
64
12
8
40
92
30
53
19
93
50
43
97
98
55
89
73
4
1
51
69
58
8
9
65
37
71
18
21
73
74
18
35
7
93
34
58
90
50
47
25
71
9
13
16
13
63
93
52
82
63
70
48
0
50
11
2
8
6
22
83
71
63
20
5
11
67
47
70
10
58
26
6
61
11
38
0
58
71
58
99
89
41
6
60
1
40
38
15
93
64
35
28
70
20
82
38
82
55
61
5
39
91
20
56
94
7
28
5
12
52
19
76
83
97
32
25
34
51
34
83
74
45
16
13
89
9
69
79
58
4
65
48
71
72
95
89
2
5
33
40
94
99
74
52
63
74
34
59
14
39
0
41
35
50
39
39
89
93
34
84
43
40
90
57
41
60
38
86
94
28
52
40
32
65
85
62
16
11
93
66
44
57
79
70
59
85
47
35
8
80
59
46
6
79
30
67
29
69
1
99
65
50
77
10
4
39
70
11
50
8
1
69
93
44
54
99
83
46
47
70
21
81
12
10
13
69
91
97
63
33
40
42
9
13
68
3
18
21
49
49
65
91
97
39
43
8
85
0
85
19
74
16
11
18
57
40
0
98
35
59
48
44
56
52
20
82
27
2
11
56
27
37
79
77
65
67
53
46
74
92
16
46
48
44
95
93
23
93
30
54
13
3
51
84
69
78
28
8
88
81
6
21
14
83
7
15
50
16
69
2
62
13
67
37
46
39
29
16
2
51
99
26
14
13
19
24
86
30
81
56
30
18
48
13
27
41
27
93
3
54
88
85
21
24
66
78
57
31
60
79
65
81
25
54
99
60
11
29
25
61
14
0
48
56
13
30
74
1
73
41
96
88
65
78
52
86
50
90
95
2
21
87
1
88
34
40
88
74
94
55
80
72
20
46
72
15
45
17
89
85
92
80
26
0
88
11
20
51
25
47
82
92
81
83
30
46
6
63
3
83
83
71
14
23
47
30
69
71
37
71
85
35
18
7
47
12
13
14
23
57
43
41
18
64
5
14
4
46
5
1
74
59
22
24
27
67
68
98
42
48
84
69
73
6
3
69
6
14
73
12
93
29
45
22
23
63
97
99
50
14
19
10
28
32
1
89
61
14
95
7
23
94
30
1
56
39
65
31
37
7
93
22
2
72
14
9
61
54
28
88
48
58
49
78
47
0
80
93
48
71
73
18
48
91
41
32
30
60
96
36
94
68
81
7
32
76
67
91
64
2
38
88
66
22
11
43
31
68
12
93
48
2
26
10
89
41
44
40
47
30
28
4
25
75
96
74
13
77
98
18
71
87
5
17
33
30
40
88
14
21
72
53
54
9
79
22
56
22
85
71
97
24
35
49
74
77
29
13
2
50
51
67
92
16
39
34
73
91
56
14
46
40
17
10
55
76
82
63
35
29
98
13
61
28
87
4
31
90
16
45
91
75
57
60
77
34
18
6
15
14
15
56
77
42
67
51
45
28
56
20
58
15
58
41
80
94
65
70
55
32
97
36
5
57
70
60
93
42
42
22
46
83
77
77
37
44
11
38
51
4
9
74
66
54
30
8
97
28
69
29
58
64
88
39
49
77
10
79
57
73
35
87
26
24
97
50
61
4
83
17
30
6
57
85
94
85
71
53
34
40
97
25
93
26
66
64
46
11
19
59
61
44
71
41
52
86
28
99
30
11
59
4
86
13
31
36
9
53
1
56
97
40
19
16
45
8
1
28
81
15
68
98
67
37
33
55
53
35
48
67
61
90
41
12
96
17
53
72
85
35
49
59
98
60
45
18
13
95
31
81
70
64
66
40
47
72
76
32
66
93
51
17
96
57
4
27
21
10
20
37
51
4
63
4
46
91
58
23
9
10
77
12
78
26
74
20
39
73
61
7
27
37
6
20
55
10
34
84
39
25
80
34
93
82
31
10
81
66
75
72
28
65
43
97
22
27
89
52
30
18
49
45
94
55
55
74
42
30
78
75
99
6
1
62
81
58
0
71
39
39
93
40
7
95
56
60
97
93
38
35
8
2
6
66
26
29
20
10
60
14
60
92
55
59
45
25
48
55
96
30
55
95
89
91
54
62
4
97
28
36
40
68
22
45
87
14
69
90
35
89
3
93
49
76
50
42
12
26
1
48
6
31
76
90
81
56
93
19
65
32
7
68
1
1
9
50
43
15
61
90
28
88
71
22
98
71
39
80
76
52
15
98
92
4
2
28
26
4
22
73
9
53
53
95
10
15
31
77
10
41
22
11
6
56
15
31
39
75
20
47
56
2
50
92
64
78
32
49
99
80
16
69
63
37
69
20
54
41
88
49
98
46
56
85
54
56
68
70
29
15
78
45
38
92
99
32
84
36
3
37
66
92
26
46
81
61
96
64
22
96
33
14
42
78
14
6
64
90
38
9
76
51
69
94
13
4
1
5
96
61
27
11
67
40
59
41
8
44
69
3
99
63
18
15
92
19
74
96
83
1
86
4
59
32
30
62
82
76
4
30
83
96
47
25
37
14
5
36
9
31
74
61
43
20
14
3
33
91
47
24
5
30
25
42
24
51
8
37
66
29
7
25
70
75
48
95
83
91
12
26
89
86
1
4
29
19
42
79
74
24
74
0
54
3
62
41
0
59
22
40
26
7
14
80
15
89
51
57
53
56
31
97
77
25
35
1
17
56
57
59
81
3
2
12
3
12
10
85
3
50
55
70
13
89
72
57
43
51
59
96
54
12
73
64
91
48
51
28
41
43
54
84
98
68
25
64
13
67
74
42
37
30
55
35
33
14
72
43
2
78
20
24
73
7
89
66
50
96
29
66
65
19
47
14
82
69
2
24
65
27
38
48
77
47
82
56
91
96
73
53
45
18
22
26
46
99
27
62
57
64
93
35
72
49
41
68
17
18
16
94
64
45
58
39
24
65
2
18
86
42
89
54
70
25
28
75
91
19
78
56
85
87
25
34
7
32
68
48
85
32
62
44
38
8
42
78
66
88
38
13
7
20
71
67
17
81
87
42
28
65
65
41
32
43
98
31
41
2
39
23
3
7
54
79
69
97
7
13
86
74
39
73
92
7
57
23
17
46
8
29
75
94
23
65
42
60
35
10
51
78
22
76
60
57
15
71
82
78
95
28
23
17
1
13
13
3
31
97
74
53
35
83
17
43
53
60
92
69
31
86
29
1
44
54
90
70
87
50
55
99
25
52
5
89
41
22
83
18
68
71
18
27
4
44
65
52
12
29
14
24
10
57
2
51
66
49
37
37
23
96
79
3
57
94
97
75
7
46
73
65
85
7
31
39
50
64
57
54
19
9
35
53
63
0
91
34
95
68
82
79
22
92
25
26
95
78
61
65
74
70
93
77
18
40
29
41
6
72
48
55
75
51
61
29
25
96
47
57
27
85
67
70
13
80
71
97
61
18
14
7
70
57
95
1
83
11
23
71
47
66
57
64
12
22
70
27
92
69
24
37
91
82
65
91
12
68
50
74
19
30
2
6
56
76
57
40
74
14
11
76
61
88
6
87
27
32
98
44
31
39
41
85
43
26
65
37
68
26
72
77
48
19
35
35
41
47
44
5
51
89
82
99
81
62
51
86
99
47
19
28
89
73
81
72
71
18
33
67
11
7
40
38
87
7
42
21
57
76
45
83
69
64
0
71
81
39
2
5
55
17
5
78
66
42
17
85
93
12
71
16
12
69
83
67
24
96
35
14
41
52
35
33
43
74
12
63
51
54
23
22
72
40
91
67
89
3
30
38
55
16
43
47
36
61
20
39
53
89
65
0
60
51
14
90
2
28
49
99
49
90
56
46
73
81
11
36
40
54
61
9
80
29
29
29
56
38
15
63
9
49
40
8
11
99
23
5
11
13
38
58
49
44
15
31
88
7
7
65
24
8
65
55
43
67
98
94
50
46
84
83
26
24
0
64
41
72
91
21
11
19
68
19
91
85
15
85
40
88
48
46
51
25
29
5
5
72
56
44
24
63
12
90
87
25
7
81
37
32
75
59
81
72
15
15
10
68
70
11
31
25
0
63
54
11
36
57
92
55
21
54
87
94
56
14
27
86
49
92
65
69
70
26
96
15
70
58
69
83
46
48
69
14
10
84
38
31
39
43
29
91
98
71
92
29
17
36
59
68
44
78
74
10
52
14
56
76
99
99
10
84
56
64
90
41
42
81
43
23
96
33
21
29
68
80
66
69
3
83
11
67
84
24
62
50
30
51
67
21
31
52
25
78
44
34
69
6
35
36
2
75
34
36
70
34
59
67
3
65
99
81
33
54
12
22
42
98
47
78
27
90
21
85
25
1
19
26
17
15
34
73
5
45
74
87
1
73
96
39
29
98
24
45
18
52
20
70
29
5
81
11
86
49
19
59
90
47
26
13
47
98
21
20
60
38
34
79
63
33
70
88
32
52
18
36
95
72
60
44
63
81
93
30
44
19
18
15
92
66
74
80
25
35
62
3
93
52
59
73
14
71
19
4
21
72
35
4
53
64
0
27
88
22
79
66
17
3
14
61
75
11
22
22
49
52
69
80
55
61
97
10
87
76
10
42
40
18
54
57
86
49
97
2
32
98
29
63
69
26
28
55
55
80
77
26
45
92
96
51
91
83
9
36
76
60
9
71
6
65
20
4
82
0
86
6
95
45
3
83
74
70
66
65
85
57
