0.584746 0.415254
0.161017 0.838983
0.669492 0.330508
0.076271 0.923729
0.161017 0.838983
0.669492 0.330508
0.076271 0.923729
0.076271 0.923729
0.500000 0.500000
0.669492 0.330508
0.161017 0.838983
0.584746 0.415254
0.669492 0.330508
0.923729 0.076271
0.584746 0.415254
0.923729 0.076271
0.838983 0.161017
0.669492 0.330508
0.584746 0.415254
0.584746 0.415254
0.923729 0.076271
0.500000 0.500000
0.415254 0.584746
0.669492 0.330508
0.923729 0.076271
0.500000 0.500000
0.923729 0.076271
0.500000 0.500000
0.669492 0.330508
0.754237 0.245763
0.838983 0.161017
0.330508 0.669492
0.076271 0.923729
0.161017 0.838983
0.161017 0.838983
0.500000 0.500000
0.754237 0.245763
0.415254 0.584746
0.923729 0.076271
0.923729 0.076271
0.923729 0.076271
0.923729 0.076271
0.500000 0.500000
0.161017 0.838983
0.923729 0.076271
0.838983 0.161017
0.161017 0.838983
0.076271 0.923729
0.584746 0.415254
0.754237 0.245763
0.076271 0.923729
0.754237 0.245763
0.754237 0.245763
0.076271 0.923729
0.838983 0.161017
0.500000 0.500000
0.330508 0.669492
0.923729 0.076271
0.923729 0.076271
0.415254 0.584746
0.754237 0.245763
0.923729 0.076271
0.669492 0.330508
0.838983 0.161017
0.500000 0.500000
0.330508 0.669492
0.161017 0.838983
0.161017 0.838983
0.754237 0.245763
0.500000 0.500000
0.076271 0.923729
0.500000 0.500000
0.245763 0.754237
0.754237 0.245763
0.415254 0.584746
0.415254 0.584746
0.415254 0.584746
0.500000 0.500000
0.923729 0.076271
0.076271 0.923729
0.245763 0.754237
0.838983 0.161017
0.754237 0.245763
0.838983 0.161017
0.076271 0.923729
0.754237 0.245763
0.330508 0.669492
0.245763 0.754237
0.754237 0.245763
0.415254 0.584746
0.584746 0.415254
0.330508 0.669492
0.754237 0.245763
0.838983 0.161017
0.161017 0.838983
0.161017 0.838983
0.245763 0.754237
0.076271 0.923729
0.584746 0.415254
0.838983 0.161017
