0.000111 0.999001 0.000111 0.000111 0.000111 0.000111 0.000111 0.000111 0.000111 0.000111
0.000111 0.000111 0.000111 0.000111 0.000111 0.000111 0.999001 0.000111 0.000111 0.000111
0.001221 0.003441 0.000111 0.000111 0.000111 0.002331 0.000111 0.991232 0.000111 0.001221
0.000111 0.000111 0.000111 0.000111 0.000111 0.000111 0.003441 0.004550 0.991232 0.000111
0.000111 0.000111 0.000111 0.000111 0.000111 0.999001 0.000111 0.000111 0.000111 0.000111
0.000111 0.000111 0.999001 0.000111 0.000111 0.000111 0.000111 0.000111 0.000111 0.000111
0.000111 0.000111 0.000111 0.000111 0.995671 0.000111 0.002331 0.001221 0.000111 0.000111
0.999001 0.000111 0.000111 0.000111 0.000111 0.000111 0.000111 0.000111 0.000111 0.000111
0.000111 0.000111 0.000111 0.997891 0.000111 0.001221 0.000111 0.000111 0.000111 0.000111
0.000111 0.000111 0.000111 0.005660 0.001221 0.000111 0.000111 0.000111 0.000111 0.992342
0.010100 0.989012 0.000111 0.000111 0.000111 0.000111 0.000111 0.000111 0.000111 0.000111
0.000111 0.000111 0.001221 0.000111 0.000111 0.000111 0.997891 0.000111 0.000111 0.000111
0.000111 0.000111 0.000111 0.001221 0.000111 0.000111 0.000111 0.997891 0.000111 0.000111
0.006770 0.000111 0.000111 0.000111 0.000111 0.002331 0.000111 0.000111 0.990122 0.000111
0.000111 0.000111 0.000111 0.000111 0.000111 0.994562 0.000111 0.000111 0.004550 0.000111
0.000111 0.000111 0.999001 0.000111 0.000111 0.000111 0.000111 0.000111 0.000111 0.000111
0.000111 0.000111 0.000111 0.000111 0.995671 0.000111 0.000111 0.000111 0.000111 0.003441
0.999001 0.000111 0.000111 0.000111 0.000111 0.000111 0.000111 0.000111 0.000111 0.000111
0.000111 0.001221 0.000111 0.995671 0.000111 0.000111 0.000111 0.000111 0.002331 0.000111
0.000111 0.000111 0.000111 0.000111 0.000111 0.000111 0.003441 0.000111 0.000111 0.995671
0.000111 0.999001 0.000111 0.000111 0.000111 0.000111 0.000111 0.000111 0.000111 0.000111
0.000111 0.000111 0.001221 0.000111 0.000111 0.002331 0.992342 0.000111 0.000111 0.003441
0.000111 0.000111 0.000111 0.000111 0.000111 0.000111 0.000111 0.999001 0.000111 0.000111
0.000111 0.000111 0.002331 0.000111 0.000111 0.001221 0.000111 0.000111 0.994562 0.001221
0.000111 0.000111 0.002331 0.000111 0.000111 0.993452 0.003441 0.000111 0.000111 0.000111
0.000111 0.000111 0.999001 0.000111 0.000111 0.000111 0.000111 0.000111 0.000111 0.000111
0.000111 0.000111 0.000111 0.000111 0.997891 0.000111 0.000111 0.000111 0.001221 0.000111
0.999001 0.000111 0.000111 0.000111 0.000111 0.000111 0.000111 0.000111 0.000111 0.000111
0.000111 0.001221 0.000111 0.997891 0.000111 0.000111 0.000111 0.000111 0.000111 0.000111
0.000111 0.000111 0.000111 0.000111 0.000111 0.000111 0.000111 0.000111 0.000111 0.999001
0.000111 0.999001 0.000111 0.000111 0.000111 0.000111 0.000111 0.000111 0.000111 0.000111
0.002331 0.000111 0.000111 0.000111 0.000111 0.000111 0.994562 0.002331 0.000111 0.000111
0.008990 0.000111 0.000111 0.001221 0.011210 0.000111 0.000111 0.977913 0.000111 0.000111
0.000111 0.002331 0.000111 0.000111 0.000111 0.002331 0.000111 0.000111 0.987902 0.006770
0.000111 0.000111 0.000111 0.000111 0.001221 0.997891 0.000111 0.000111 0.000111 0.000111
0.000111 0.000111 0.997891 0.000111 0.000111 0.000111 0.000111 0.000111 0.001221 0.000111
0.000111 0.002331 0.000111 0.000111 0.996781 0.000111 0.000111 0.000111 0.000111 0.000111
0.993452 0.000111 0.000111 0.000111 0.005660 0.000111 0.000111 0.000111 0.000111 0.000111
0.000111 0.000111 0.000111 0.997891 0.000111 0.000111 0.000111 0.000111 0.001221 0.000111
0.000111 0.000111 0.000111 0.000111 0.000111 0.006770 0.000111 0.000111 0.000111 0.992342
0.000111 0.994562 0.004550 0.000111 0.000111 0.000111 0.000111 0.000111 0.000111 0.000111
0.000111 0.006770 0.000111 0.000111 0.000111 0.002331 0.989012 0.000111 0.001221 0.000111
0.000111 0.000111 0.000111 0.000111 0.000111 0.000111 0.000111 0.999001 0.000111 0.000111
0.000111 0.000111 0.000111 0.000111 0.000111 0.000111 0.000111 0.002331 0.996781 0.000111
0.000111 0.000111 0.000111 0.000111 0.000111 0.995671 0.001221 0.002331 0.000111 0.000111
0.000111 0.000111 0.981243 0.003441 0.000111 0.000111 0.008990 0.000111 0.000111 0.005660
0.000111 0.000111 0.000111 0.003441 0.995671 0.000111 0.000111 0.000111 0.000111 0.000111
0.992342 0.004550 0.000111 0.001221 0.000111 0.001221 0.000111 0.000111 0.000111 0.000111
0.000111 0.000111 0.000111 0.997891 0.000111 0.000111 0.000111 0.001221 0.000111 0.000111
0.000111 0.000111 0.000111 0.000111 0.000111 0.000111 0.000111 0.000111 0.000111 0.999001
0.000111 0.997891 0.000111 0.000111 0.000111 0.000111 0.000111 0.001221 0.000111 0.000111
0.000111 0.000111 0.000111 0.001221 0.000111 0.001221 0.995671 0.001221 0.000111 0.000111
0.004550 0.000111 0.000111 0.000111 0.000111 0.001221 0.000111 0.993452 0.000111 0.000111
0.000111 0.000111 0.000111 0.000111 0.000111 0.000111 0.000111 0.000111 0.999001 0.000111
0.000111 0.000111 0.000111 0.000111 0.002331 0.995671 0.000111 0.000111 0.000111 0.001221
0.000111 0.001221 0.990122 0.001221 0.000111 0.000111 0.000111 0.001221 0.004550 0.001221
0.001221 0.000111 0.000111 0.000111 0.996781 0.000111 0.000111 0.000111 0.000111 0.001221
0.994562 0.000111 0.001221 0.001221 0.002331 0.000111 0.000111 0.000111 0.000111 0.000111
0.000111 0.000111 0.000111 0.999001 0.000111 0.000111 0.000111 0.000111 0.000111 0.000111
0.000111 0.000111 0.000111 0.000111 0.000111 0.000111 0.000111 0.000111 0.000111 0.999001
0.000111 0.995671 0.001221 0.000111 0.000111 0.000111 0.001221 0.001221 0.000111 0.000111
0.000111 0.001221 0.001221 0.001221 0.000111 0.000111 0.994562 0.000111 0.000111 0.001221
0.000111 0.000111 0.000111 0.000111 0.002331 0.000111 0.000111 0.996781 0.000111 0.000111
0.000111 0.000111 0.000111 0.000111 0.000111 0.000111 0.000111 0.000111 0.999001 0.000111
0.000111 0.000111 0.003441 0.002331 0.000111 0.993452 0.000111 0.000111 0.000111 0.000111
0.000111 0.000111 0.999001 0.000111 0.000111 0.000111 0.000111 0.000111 0.000111 0.000111
0.000111 0.000111 0.000111 0.000111 0.997891 0.000111 0.001221 0.000111 0.000111 0.000111
0.990122 0.000111 0.003441 0.000111 0.005660 0.000111 0.000111 0.000111 0.000111 0.000111
0.000111 0.000111 0.000111 0.999001 0.000111 0.000111 0.000111 0.000111 0.000111 0.000111
0.000111 0.000111 0.005660 0.000111 0.000111 0.000111 0.000111 0.000111 0.000111 0.993452
0.000111 0.996781 0.000111 0.000111 0.000111 0.000111 0.000111 0.000111 0.002331 0.000111
0.000111 0.004550 0.000111 0.000111 0.000111 0.000111 0.994562 0.000111 0.000111 0.000111
0.000111 0.000111 0.000111 0.000111 0.000111 0.000111 0.000111 0.997891 0.000111 0.001221
0.000111 0.000111 0.000111 0.000111 0.000111 0.000111 0.000111 0.001221 0.997891 0.000111
0.000111 0.000111 0.000111 0.000111 0.000111 0.999001 0.000111 0.000111 0.000111 0.000111
0.000111 0.000111 0.994562 0.002331 0.000111 0.000111 0.000111 0.000111 0.002331 0.000111
0.000111 0.000111 0.000111 0.000111 0.991232 0.004550 0.000111 0.002331 0.001221 0.000111
0.997891 0.000111 0.001221 0.000111 0.000111 0.000111 0.000111 0.000111 0.000111 0.000111
0.000111 0.001221 0.000111 0.994562 0.000111 0.001221 0.000111 0.002331 0.000111 0.000111
0.000111 0.000111 0.000111 0.000111 0.000111 0.000111 0.000111 0.000111 0.000111 0.999001
0.000111 0.999001 0.000111 0.000111 0.000111 0.000111 0.000111 0.000111 0.000111 0.000111
0.000111 0.004550 0.000111 0.000111 0.000111 0.000111 0.993452 0.000111 0.000111 0.001221
0.000111 0.000111 0.000111 0.000111 0.000111 0.000111 0.000111 0.996781 0.002331 0.000111
0.000111 0.000111 0.000111 0.000111 0.000111 0.000111 0.000111 0.005660 0.993452 0.000111
0.000111 0.000111 0.000111 0.000111 0.000111 0.990122 0.000111 0.000111 0.006770 0.002331
0.000111 0.000111 0.995671 0.000111 0.001221 0.000111 0.002331 0.000111 0.000111 0.000111
0.000111 0.004550 0.000111 0.000111 0.984573 0.010100 0.000111 0.000111 0.000111 0.000111
0.995671 0.000111 0.000111 0.000111 0.000111 0.000111 0.003441 0.000111 0.000111 0.000111
0.010100 0.003441 0.000111 0.983463 0.000111 0.000111 0.002331 0.000111 0.000111 0.000111
0.000111 0.000111 0.000111 0.000111 0.000111 0.000111 0.001221 0.000111 0.000111 0.997891
0.000111 0.999001 0.000111 0.000111 0.000111 0.000111 0.000111 0.000111 0.000111 0.000111
0.000111 0.000111 0.002331 0.000111 0.000111 0.000111 0.993452 0.003441 0.000111 0.000111
0.001221 0.001221 0.000111 0.001221 0.000111 0.003441 0.000111 0.992342 0.000111 0.000111
0.000111 0.002331 0.000111 0.000111 0.000111 0.000111 0.000111 0.000111 0.994562 0.002331
0.000111 0.000111 0.000111 0.000111 0.000111 0.999001 0.000111 0.000111 0.000111 0.000111
0.001221 0.000111 0.989012 0.000111 0.000111 0.008990 0.000111 0.000111 0.000111 0.000111
0.000111 0.000111 0.000111 0.000111 0.999001 0.000111 0.000111 0.000111 0.000111 0.000111
0.994562 0.000111 0.000111 0.000111 0.000111 0.000111 0.000111 0.004550 0.000111 0.000111
0.007880 0.000111 0.000111 0.991232 0.000111 0.000111 0.000111 0.000111 0.000111 0.000111
0.001221 0.000111 0.000111 0.000111 0.002331 0.000111 0.001221 0.000111 0.001221 0.993452
0.000111 0.996781 0.000111 0.002331 0.000111 0.000111 0.000111 0.000111 0.000111 0.000111
0.001221 0.000111 0.004550 0.001221 0.005660 0.001221 0.984573 0.001221 0.000111 0.000111
0.000111 0.004550 0.003441 0.000111 0.000111 0.001221 0.000111 0.990122 0.000111 0.000111
0.000111 0.000111 0.000111 0.003441 0.000111 0.000111 0.000111 0.000111 0.995671 0.000111
0.000111 0.000111 0.000111 0.000111 0.000111 0.990122 0.000111 0.008990 0.000111 0.000111
0.000111 0.000111 0.997891 0.000111 0.000111 0.000111 0.000111 0.000111 0.001221 0.000111
0.000111 0.000111 0.000111 0.000111 0.999001 0.000111 0.000111 0.000111 0.000111 0.000111
0.994562 0.000111 0.000111 0.000111 0.002331 0.002331 0.000111 0.000111 0.000111 0.000111
0.000111 0.004550 0.000111 0.991232 0.000111 0.000111 0.003441 0.000111 0.000111 0.000111
0.002331 0.000111 0.000111 0.001221 0.000111 0.000111 0.000111 0.000111 0.000111 0.995671
0.000111 0.987902 0.000111 0.006770 0.000111 0.000111 0.004550 0.000111 0.000111 0.000111
0.001221 0.000111 0.000111 0.000111 0.000111 0.000111 0.992342 0.000111 0.000111 0.005660
0.000111 0.000111 0.004550 0.000111 0.003441 0.000111 0.000111 0.990122 0.001221 0.000111
0.000111 0.000111 0.000111 0.001221 0.003441 0.000111 0.000111 0.003441 0.991232 0.000111
0.001221 0.000111 0.000111 0.000111 0.000111 0.995671 0.002331 0.000111 0.000111 0.000111
0.000111 0.000111 0.999001 0.000111 0.000111 0.000111 0.000111 0.000111 0.000111 0.000111
0.000111 0.000111 0.000111 0.000111 0.992342 0.006770 0.000111 0.000111 0.000111 0.000111
0.990122 0.000111 0.000111 0.000111 0.000111 0.003441 0.000111 0.000111 0.005660 0.000111
0.000111 0.000111 0.001221 0.997891 0.000111 0.000111 0.000111 0.000111 0.000111 0.000111
0.000111 0.000111 0.000111 0.000111 0.005660 0.000111 0.000111 0.000111 0.004550 0.989012
0.000111 0.997891 0.000111 0.000111 0.000111 0.000111 0.000111 0.000111 0.001221 0.000111
0.000111 0.000111 0.002331 0.000111 0.000111 0.000111 0.996781 0.000111 0.000111 0.000111
0.000111 0.000111 0.000111 0.000111 0.001221 0.000111 0.000111 0.997891 0.000111 0.000111
0.000111 0.000111 0.000111 0.000111 0.000111 0.000111 0.000111 0.000111 0.999001 0.000111
0.000111 0.000111 0.004550 0.000111 0.000111 0.994562 0.000111 0.000111 0.000111 0.000111
0.000111 0.000111 0.996781 0.000111 0.001221 0.000111 0.001221 0.000111 0.000111 0.000111
0.000111 0.000111 0.000111 0.000111 0.999001 0.000111 0.000111 0.000111 0.000111 0.000111
0.997891 0.001221 0.000111 0.000111 0.000111 0.000111 0.000111 0.000111 0.000111 0.000111
0.000111 0.000111 0.001221 0.997891 0.000111 0.000111 0.000111 0.000111 0.000111 0.000111
0.000111 0.000111 0.001221 0.002331 0.001221 0.000111 0.001221 0.000111 0.000111 0.993452
0.000111 0.997891 0.001221 0.000111 0.000111 0.000111 0.000111 0.000111 0.000111 0.000111
0.000111 0.000111 0.000111 0.000111 0.000111 0.000111 0.996781 0.002331 0.000111 0.000111
0.000111 0.000111 0.000111 0.000111 0.000111 0.000111 0.003441 0.994562 0.001221 0.000111
0.000111 0.000111 0.000111 0.000111 0.000111 0.000111 0.000111 0.000111 0.999001 0.000111
0.000111 0.000111 0.000111 0.001221 0.000111 0.997891 0.000111 0.000111 0.000111 0.000111
0.000111 0.000111 0.986792 0.000111 0.002331 0.000111 0.001221 0.000111 0.000111 0.008990
0.000111 0.000111 0.000111 0.000111 0.995671 0.000111 0.000111 0.000111 0.003441 0.000111
0.990122 0.000111 0.001221 0.000111 0.000111 0.006770 0.001221 0.000111 0.000111 0.000111
0.002331 0.000111 0.000111 0.994562 0.000111 0.000111 0.001221 0.000111 0.000111 0.001221
0.000111 0.002331 0.000111 0.000111 0.000111 0.001221 0.000111 0.000111 0.000111 0.995671
0.000111 0.999001 0.000111 0.000111 0.000111 0.000111 0.000111 0.000111 0.000111 0.000111
0.001221 0.000111 0.000111 0.000111 0.000111 0.000111 0.996781 0.001221 0.000111 0.000111
0.000111 0.001221 0.000111 0.000111 0.000111 0.000111 0.000111 0.997891 0.000111 0.000111
0.000111 0.000111 0.001221 0.000111 0.001221 0.000111 0.000111 0.000111 0.996781 0.000111
0.000111 0.000111 0.000111 0.000111 0.000111 0.999001 0.000111 0.000111 0.000111 0.000111
0.000111 0.000111 0.999001 0.000111 0.000111 0.000111 0.000111 0.000111 0.000111 0.000111
0.002331 0.000111 0.000111 0.000111 0.996781 0.000111 0.000111 0.000111 0.000111 0.000111
0.999001 0.000111 0.000111 0.000111 0.000111 0.000111 0.000111 0.000111 0.000111 0.000111
0.000111 0.000111 0.000111 0.999001 0.000111 0.000111 0.000111 0.000111 0.000111 0.000111
0.003441 0.000111 0.000111 0.008990 0.000111 0.000111 0.000111 0.000111 0.000111 0.986792
0.000111 0.997891 0.000111 0.000111 0.000111 0.000111 0.000111 0.001221 0.000111 0.000111
0.000111 0.000111 0.000111 0.000111 0.000111 0.000111 0.999001 0.000111 0.000111 0.000111
0.000111 0.000111 0.000111 0.000111 0.003441 0.000111 0.000111 0.995671 0.000111 0.000111
0.000111 0.000111 0.000111 0.000111 0.000111 0.007880 0.000111 0.000111 0.991232 0.000111
0.000111 0.001221 0.000111 0.000111 0.000111 0.994562 0.003441 0.000111 0.000111 0.000111
0.000111 0.000111 0.999001 0.000111 0.000111 0.000111 0.000111 0.000111 0.000111 0.000111
0.000111 0.000111 0.000111 0.000111 0.997891 0.001221 0.000111 0.000111 0.000111 0.000111
0.991232 0.003441 0.000111 0.000111 0.000111 0.000111 0.000111 0.000111 0.004550 0.000111
0.000111 0.000111 0.006770 0.990122 0.000111 0.001221 0.001221 0.000111 0.000111 0.000111
0.000111 0.000111 0.000111 0.000111 0.000111 0.001221 0.000111 0.000111 0.000111 0.997891
0.000111 0.997891 0.000111 0.000111 0.000111 0.000111 0.000111 0.000111 0.001221 0.000111
0.000111 0.002331 0.000111 0.000111 0.000111 0.000111 0.995671 0.000111 0.001221 0.000111
0.000111 0.001221 0.000111 0.000111 0.002331 0.000111 0.000111 0.995671 0.000111 0.000111
0.000111 0.000111 0.000111 0.001221 0.003441 0.000111 0.000111 0.000111 0.994562 0.000111
0.000111 0.000111 0.000111 0.004550 0.000111 0.993452 0.000111 0.001221 0.000111 0.000111
0.002331 0.000111 0.995671 0.000111 0.000111 0.000111 0.000111 0.000111 0.001221 0.000111
0.000111 0.000111 0.000111 0.000111 0.999001 0.000111 0.000111 0.000111 0.000111 0.000111
0.984573 0.000111 0.000111 0.004550 0.000111 0.001221 0.000111 0.000111 0.000111 0.008990
0.003441 0.000111 0.000111 0.992342 0.000111 0.000111 0.000111 0.000111 0.003441 0.000111
0.000111 0.000111 0.000111 0.000111 0.000111 0.003441 0.000111 0.000111 0.000111 0.995671
0.000111 0.994562 0.000111 0.002331 0.000111 0.000111 0.001221 0.000111 0.001221 0.000111
0.006770 0.000111 0.000111 0.000111 0.000111 0.000111 0.991232 0.000111 0.000111 0.001221
0.000111 0.001221 0.000111 0.000111 0.004550 0.000111 0.000111 0.993452 0.000111 0.000111
0.000111 0.000111 0.000111 0.004550 0.000111 0.000111 0.000111 0.000111 0.993452 0.001221
0.000111 0.000111 0.000111 0.000111 0.000111 0.997891 0.000111 0.001221 0.000111 0.000111
0.002331 0.003441 0.990122 0.000111 0.000111 0.000111 0.000111 0.003441 0.000111 0.000111
0.000111 0.000111 0.000111 0.004550 0.993452 0.001221 0.000111 0.000111 0.000111 0.000111
0.997891 0.000111 0.001221 0.000111 0.000111 0.000111 0.000111 0.000111 0.000111 0.000111
0.000111 0.000111 0.000111 0.992342 0.000111 0.001221 0.000111 0.000111 0.000111 0.005660
0.000111 0.000111 0.000111 0.000111 0.000111 0.000111 0.000111 0.000111 0.000111 0.999001
0.002331 0.996781 0.000111 0.000111 0.000111 0.000111 0.000111 0.000111 0.000111 0.000111
0.000111 0.000111 0.000111 0.000111 0.000111 0.000111 0.999001 0.000111 0.000111 0.000111
0.004550 0.000111 0.000111 0.000111 0.000111 0.000111 0.000111 0.994562 0.000111 0.000111
0.001221 0.000111 0.000111 0.000111 0.000111 0.000111 0.000111 0.000111 0.997891 0.000111
0.000111 0.000111 0.000111 0.000111 0.000111 0.996781 0.000111 0.002331 0.000111 0.000111
0.000111 0.005660 0.993452 0.000111 0.000111 0.000111 0.000111 0.000111 0.000111 0.000111
0.000111 0.006770 0.000111 0.000111 0.992342 0.000111 0.000111 0.000111 0.000111 0.000111
0.994562 0.000111 0.000111 0.000111 0.000111 0.000111 0.000111 0.004550 0.000111 0.000111
0.000111 0.000111 0.000111 0.995671 0.000111 0.000111 0.000111 0.000111 0.003441 0.000111
0.000111 0.000111 0.000111 0.000111 0.000111 0.001221 0.000111 0.000111 0.000111 0.997891
0.000111 0.987902 0.000111 0.006770 0.001221 0.000111 0.000111 0.000111 0.000111 0.003441
0.001221 0.000111 0.000111 0.000111 0.000111 0.000111 0.997891 0.000111 0.000111 0.000111
0.000111 0.000111 0.000111 0.004550 0.000111 0.000111 0.000111 0.994562 0.000111 0.000111
0.001221 0.000111 0.000111 0.000111 0.000111 0.012320 0.001221 0.000111 0.984573 0.000111
0.000111 0.000111 0.000111 0.000111 0.000111 0.999001 0.000111 0.000111 0.000111 0.000111
0.000111 0.000111 0.985683 0.006770 0.000111 0.003441 0.000111 0.000111 0.000111 0.003441
0.000111 0.000111 0.000111 0.000111 0.999001 0.000111 0.000111 0.000111 0.000111 0.000111
0.997891 0.000111 0.000111 0.000111 0.000111 0.001221 0.000111 0.000111 0.000111 0.000111
0.000111 0.000111 0.000111 0.986792 0.000111 0.002331 0.006770 0.000111 0.000111 0.003441
0.001221 0.000111 0.000111 0.000111 0.000111 0.000111 0.000111 0.000111 0.000111 0.997891
0.000111 0.994562 0.000111 0.000111 0.000111 0.000111 0.000111 0.000111 0.000111 0.004550
0.000111 0.001221 0.000111 0.001221 0.000111 0.000111 0.996781 0.000111 0.000111 0.000111
0.000111 0.000111 0.000111 0.000111 0.000111 0.000111 0.000111 0.993452 0.001221 0.004550
0.000111 0.000111 0.001221 0.000111 0.000111 0.000111 0.000111 0.000111 0.997891 0.000111
0.000111 0.000111 0.000111 0.000111 0.001221 0.997891 0.000111 0.000111 0.000111 0.000111
0.000111 0.000111 0.994562 0.000111 0.000111 0.000111 0.001221 0.000111 0.003441 0.000111
0.006770 0.000111 0.000111 0.000111 0.992342 0.000111 0.000111 0.000111 0.000111 0.000111
0.999001 0.000111 0.000111 0.000111 0.000111 0.000111 0.000111 0.000111 0.000111 0.000111
0.000111 0.000111 0.000111 0.999001 0.000111 0.000111 0.000111 0.000111 0.000111 0.000111
0.000111 0.000111 0.000111 0.001221 0.000111 0.000111 0.000111 0.000111 0.000111 0.997891
0.000111 0.997891 0.001221 0.000111 0.000111 0.000111 0.000111 0.000111 0.000111 0.000111
0.000111 0.000111 0.001221 0.000111 0.000111 0.000111 0.997891 0.000111 0.000111 0.000111
0.000111 0.000111 0.000111 0.000111 0.000111 0.006770 0.000111 0.992342 0.000111 0.000111
0.000111 0.000111 0.000111 0.000111 0.000111 0.000111 0.000111 0.000111 0.995671 0.003441
0.000111 0.001221 0.000111 0.000111 0.000111 0.994562 0.000111 0.000111 0.003441 0.000111
0.000111 0.000111 0.999001 0.000111 0.000111 0.000111 0.000111 0.000111 0.000111 0.000111
0.000111 0.000111 0.000111 0.000111 0.997891 0.000111 0.000111 0.001221 0.000111 0.000111
0.996781 0.000111 0.000111 0.000111 0.001221 0.000111 0.000111 0.000111 0.001221 0.000111
0.000111 0.000111 0.000111 0.999001 0.000111 0.000111 0.000111 0.000111 0.000111 0.000111
0.000111 0.000111 0.000111 0.001221 0.000111 0.000111 0.000111 0.001221 0.000111 0.996781
0.000111 0.999001 0.000111 0.000111 0.000111 0.000111 0.000111 0.000111 0.000111 0.000111
0.002331 0.000111 0.000111 0.000111 0.000111 0.000111 0.996781 0.000111 0.000111 0.000111
0.001221 0.000111 0.000111 0.000111 0.000111 0.000111 0.001221 0.982353 0.014539 0.000111
0.004550 0.000111 0.003441 0.000111 0.001221 0.003441 0.000111 0.000111 0.986792 0.000111
0.000111 0.000111 0.000111 0.000111 0.000111 0.999001 0.000111 0.000111 0.000111 0.000111
0.000111 0.000111 0.987902 0.008990 0.000111 0.000111 0.000111 0.000111 0.000111 0.002331
0.001221 0.000111 0.000111 0.000111 0.996781 0.000111 0.000111 0.000111 0.001221 0.000111
0.984573 0.000111 0.003441 0.000111 0.011210 0.000111 0.000111 0.000111 0.000111 0.000111
0.000111 0.000111 0.000111 0.995671 0.002331 0.000111 0.000111 0.000111 0.000111 0.001221
0.003441 0.000111 0.000111 0.000111 0.000111 0.000111 0.000111 0.000111 0.000111 0.995671
0.000111 0.986792 0.003441 0.000111 0.002331 0.005660 0.000111 0.000111 0.001221 0.000111
0.000111 0.000111 0.000111 0.000111 0.000111 0.000111 0.995671 0.003441 0.000111 0.000111
0.000111 0.000111 0.000111 0.000111 0.001221 0.005660 0.000111 0.987902 0.000111 0.004550
0.000111 0.000111 0.000111 0.000111 0.000111 0.000111 0.000111 0.000111 0.999001 0.000111
0.000111 0.002331 0.000111 0.000111 0.000111 0.996781 0.000111 0.000111 0.000111 0.000111
0.000111 0.000111 0.999001 0.000111 0.000111 0.000111 0.000111 0.000111 0.000111 0.000111
0.000111 0.000111 0.000111 0.000111 0.999001 0.000111 0.000111 0.000111 0.000111 0.000111
0.995671 0.000111 0.000111 0.000111 0.000111 0.003441 0.000111 0.000111 0.000111 0.000111
0.000111 0.000111 0.000111 0.995671 0.003441 0.000111 0.000111 0.000111 0.000111 0.000111
0.000111 0.000111 0.000111 0.001221 0.000111 0.000111 0.000111 0.000111 0.000111 0.997891
0.000111 0.994562 0.000111 0.000111 0.000111 0.000111 0.000111 0.004550 0.000111 0.000111
0.000111 0.000111 0.000111 0.000111 0.001221 0.000111 0.995671 0.000111 0.000111 0.002331
0.000111 0.006770 0.000111 0.000111 0.000111 0.000111 0.000111 0.992342 0.000111 0.000111
0.000111 0.000111 0.000111 0.002331 0.000111 0.000111 0.000111 0.000111 0.996781 0.000111
0.000111 0.000111 0.000111 0.000111 0.000111 0.997891 0.000111 0.000111 0.000111 0.001221
0.000111 0.000111 0.999001 0.000111 0.000111 0.000111 0.000111 0.000111 0.000111 0.000111
0.000111 0.000111 0.000111 0.000111 0.995671 0.000111 0.000111 0.000111 0.003441 0.000111
0.996781 0.000111 0.000111 0.000111 0.000111 0.000111 0.000111 0.000111 0.002331 0.000111
0.000111 0.000111 0.000111 0.996781 0.001221 0.000111 0.001221 0.000111 0.000111 0.000111
0.000111 0.000111 0.000111 0.000111 0.000111 0.001221 0.000111 0.001221 0.000111 0.996781
0.000111 0.997891 0.000111 0.000111 0.000111 0.001221 0.000111 0.000111 0.000111 0.000111
0.000111 0.000111 0.000111 0.000111 0.002331 0.000111 0.983463 0.013430 0.000111 0.000111
0.000111 0.000111 0.000111 0.010100 0.000111 0.000111 0.000111 0.984573 0.000111 0.004550
0.001221 0.000111 0.001221 0.002331 0.000111 0.000111 0.000111 0.000111 0.994562 0.000111
0.000111 0.000111 0.001221 0.000111 0.000111 0.997891 0.000111 0.000111 0.000111 0.000111
0.000111 0.000111 0.995671 0.000111 0.000111 0.000111 0.000111 0.000111 0.003441 0.000111
0.000111 0.000111 0.000111 0.000111 0.999001 0.000111 0.000111 0.000111 0.000111 0.000111
0.987902 0.004550 0.000111 0.000111 0.000111 0.001221 0.000111 0.000111 0.004550 0.001221
0.000111 0.000111 0.000111 0.991232 0.000111 0.000111 0.000111 0.007880 0.000111 0.000111
0.000111 0.000111 0.000111 0.000111 0.000111 0.001221 0.000111 0.000111 0.001221 0.996781
0.000111 0.997891 0.000111 0.000111 0.000111 0.000111 0.001221 0.000111 0.000111 0.000111
0.000111 0.002331 0.000111 0.000111 0.000111 0.000111 0.993452 0.000111 0.002331 0.001221
0.000111 0.000111 0.000111 0.000111 0.000111 0.000111 0.000111 0.999001 0.000111 0.000111
0.000111 0.000111 0.000111 0.000111 0.000111 0.000111 0.000111 0.000111 0.999001 0.000111
0.001221 0.000111 0.000111 0.000111 0.000111 0.994562 0.000111 0.003441 0.000111 0.000111
0.000111 0.000111 0.999001 0.000111 0.000111 0.000111 0.000111 0.000111 0.000111 0.000111
0.000111 0.000111 0.000111 0.000111 0.999001 0.000111 0.000111 0.000111 0.000111 0.000111
0.991232 0.004550 0.000111 0.000111 0.000111 0.000111 0.003441 0.000111 0.000111 0.000111
0.000111 0.000111 0.002331 0.996781 0.000111 0.000111 0.000111 0.000111 0.000111 0.000111
0.002331 0.000111 0.000111 0.000111 0.000111 0.000111 0.000111 0.000111 0.000111 0.996781
0.000111 0.987902 0.000111 0.000111 0.000111 0.011210 0.000111 0.000111 0.000111 0.000111
0.000111 0.005660 0.000111 0.003441 0.000111 0.000111 0.987902 0.002331 0.000111 0.000111
0.000111 0.002331 0.000111 0.000111 0.000111 0.002331 0.000111 0.994562 0.000111 0.000111
0.000111 0.000111 0.001221 0.000111 0.000111 0.000111 0.000111 0.000111 0.994562 0.003441
0.001221 0.000111 0.000111 0.000111 0.000111 0.989012 0.006770 0.001221 0.001221 0.000111
0.000111 0.000111 0.999001 0.000111 0.000111 0.000111 0.000111 0.000111 0.000111 0.000111
0.000111 0.001221 0.002331 0.000111 0.990122 0.000111 0.000111 0.000111 0.000111 0.005660
0.997891 0.000111 0.000111 0.000111 0.000111 0.000111 0.000111 0.000111 0.000111 0.001221
0.000111 0.000111 0.002331 0.995671 0.001221 0.000111 0.000111 0.000111 0.000111 0.000111
0.001221 0.000111 0.000111 0.000111 0.000111 0.000111 0.000111 0.000111 0.000111 0.997891
0.000111 0.997891 0.000111 0.000111 0.000111 0.000111 0.000111 0.000111 0.000111 0.001221
0.000111 0.000111 0.000111 0.000111 0.000111 0.000111 0.997891 0.001221 0.000111 0.000111
0.000111 0.004550 0.000111 0.001221 0.000111 0.000111 0.000111 0.993452 0.000111 0.000111
0.000111 0.000111 0.000111 0.000111 0.000111 0.001221 0.001221 0.000111 0.989012 0.007880
0.000111 0.000111 0.000111 0.003441 0.000111 0.995671 0.000111 0.000111 0.000111 0.000111
0.000111 0.000111 0.991232 0.000111 0.000111 0.000111 0.000111 0.000111 0.007880 0.000111
0.000111 0.000111 0.000111 0.000111 0.985683 0.001221 0.000111 0.000111 0.012320 0.000111
0.989012 0.008990 0.000111 0.000111 0.000111 0.000111 0.000111 0.000111 0.000111 0.001221
0.000111 0.000111 0.000111 0.997891 0.000111 0.000111 0.000111 0.000111 0.001221 0.000111
0.000111 0.000111 0.000111 0.001221 0.000111 0.000111 0.000111 0.000111 0.000111 0.997891
0.000111 0.999001 0.000111 0.000111 0.000111 0.000111 0.000111 0.000111 0.000111 0.000111
0.000111 0.000111 0.000111 0.000111 0.000111 0.000111 0.996781 0.001221 0.001221 0.000111
0.000111 0.000111 0.000111 0.000111 0.000111 0.000111 0.000111 0.996781 0.002331 0.000111
0.000111 0.000111 0.000111 0.000111 0.006770 0.000111 0.002331 0.000111 0.990122 0.000111
0.000111 0.000111 0.000111 0.001221 0.000111 0.997891 0.000111 0.000111 0.000111 0.000111
0.002331 0.000111 0.992342 0.000111 0.000111 0.000111 0.000111 0.004550 0.000111 0.000111
0.000111 0.000111 0.000111 0.000111 0.999001 0.000111 0.000111 0.000111 0.000111 0.000111
0.997891 0.000111 0.000111 0.000111 0.001221 0.000111 0.000111 0.000111 0.000111 0.000111
0.000111 0.000111 0.000111 0.994562 0.000111 0.000111 0.004550 0.000111 0.000111 0.000111
0.000111 0.001221 0.001221 0.000111 0.000111 0.000111 0.000111 0.000111 0.003441 0.993452
0.000111 0.993452 0.001221 0.000111 0.004550 0.000111 0.000111 0.000111 0.000111 0.000111
0.001221 0.000111 0.000111 0.000111 0.000111 0.001221 0.994562 0.000111 0.002331 0.000111
0.000111 0.000111 0.001221 0.000111 0.000111 0.008990 0.000111 0.989012 0.000111 0.000111
0.000111 0.000111 0.000111 0.000111 0.000111 0.000111 0.000111 0.015649 0.983463 0.000111
0.000111 0.000111 0.000111 0.001221 0.000111 0.997891 0.000111 0.000111 0.000111 0.000111
0.000111 0.000111 0.999001 0.000111 0.000111 0.000111 0.000111 0.000111 0.000111 0.000111
0.000111 0.004550 0.000111 0.000111 0.994562 0.000111 0.000111 0.000111 0.000111 0.000111
0.994562 0.002331 0.000111 0.000111 0.000111 0.002331 0.000111 0.000111 0.000111 0.000111
0.000111 0.000111 0.004550 0.993452 0.000111 0.000111 0.000111 0.000111 0.001221 0.000111
0.000111 0.000111 0.000111 0.000111 0.000111 0.003441 0.000111 0.000111 0.000111 0.995671
0.000111 0.997891 0.000111 0.000111 0.000111 0.000111 0.000111 0.000111 0.001221 0.000111
0.000111 0.000111 0.000111 0.000111 0.000111 0.000111 0.999001 0.000111 0.000111 0.000111
0.000111 0.000111 0.000111 0.001221 0.000111 0.000111 0.000111 0.997891 0.000111 0.000111
0.000111 0.000111 0.000111 0.000111 0.000111 0.000111 0.000111 0.000111 0.999001 0.000111
0.000111 0.000111 0.000111 0.000111 0.000111 0.997891 0.000111 0.000111 0.001221 0.000111
0.000111 0.000111 0.995671 0.000111 0.000111 0.002331 0.001221 0.000111 0.000111 0.000111
0.000111 0.000111 0.000111 0.000111 0.999001 0.000111 0.000111 0.000111 0.000111 0.000111
0.996781 0.000111 0.000111 0.000111 0.000111 0.000111 0.000111 0.000111 0.002331 0.000111
0.000111 0.000111 0.000111 0.999001 0.000111 0.000111 0.000111 0.000111 0.000111 0.000111
0.000111 0.000111 0.000111 0.000111 0.000111 0.002331 0.002331 0.000111 0.000111 0.994562
0.000111 0.999001 0.000111 0.000111 0.000111 0.000111 0.000111 0.000111 0.000111 0.000111
0.000111 0.000111 0.000111 0.006770 0.000111 0.000111 0.991232 0.001221 0.000111 0.000111
0.002331 0.000111 0.000111 0.000111 0.000111 0.000111 0.000111 0.993452 0.003441 0.000111
0.001221 0.000111 0.000111 0.000111 0.000111 0.000111 0.000111 0.000111 0.997891 0.000111
0.000111 0.000111 0.005660 0.000111 0.000111 0.993452 0.000111 0.000111 0.000111 0.000111
0.000111 0.001221 0.994562 0.000111 0.000111 0.002331 0.000111 0.000111 0.001221 0.000111
0.000111 0.000111 0.000111 0.000111 0.993452 0.000111 0.000111 0.005660 0.000111 0.000111
0.999001 0.000111 0.000111 0.000111 0.000111 0.000111 0.000111 0.000111 0.000111 0.000111
0.000111 0.000111 0.000111 0.996781 0.000111 0.000111 0.002331 0.000111 0.000111 0.000111
0.000111 0.000111 0.000111 0.000111 0.000111 0.000111 0.000111 0.000111 0.000111 0.999001
0.000111 0.993452 0.001221 0.000111 0.000111 0.000111 0.000111 0.002331 0.000111 0.002331
0.001221 0.000111 0.000111 0.000111 0.000111 0.000111 0.995671 0.000111 0.002331 0.000111
0.000111 0.000111 0.000111 0.000111 0.000111 0.003441 0.000111 0.994562 0.001221 0.000111
0.000111 0.000111 0.001221 0.000111 0.000111 0.000111 0.000111 0.000111 0.997891 0.000111
0.000111 0.000111 0.000111 0.000111 0.000111 0.997891 0.001221 0.000111 0.000111 0.000111
0.000111 0.000111 0.999001 0.000111 0.000111 0.000111 0.000111 0.000111 0.000111 0.000111
0.000111 0.000111 0.001221 0.003441 0.993452 0.000111 0.001221 0.000111 0.000111 0.000111
0.994562 0.000111 0.003441 0.000111 0.000111 0.000111 0.001221 0.000111 0.000111 0.000111
0.000111 0.000111 0.000111 0.999001 0.000111 0.000111 0.000111 0.000111 0.000111 0.000111
0.002331 0.001221 0.000111 0.000111 0.002331 0.000111 0.000111 0.000111 0.000111 0.993452
0.000111 0.997891 0.000111 0.000111 0.000111 0.000111 0.000111 0.000111 0.001221 0.000111
0.000111 0.000111 0.000111 0.000111 0.000111 0.000111 0.999001 0.000111 0.000111 0.000111
0.000111 0.000111 0.000111 0.002331 0.000111 0.002331 0.005660 0.986792 0.002331 0.000111
0.000111 0.000111 0.001221 0.000111 0.000111 0.000111 0.000111 0.000111 0.997891 0.000111
0.000111 0.000111 0.000111 0.000111 0.000111 0.999001 0.000111 0.000111 0.000111 0.000111
0.000111 0.000111 0.997891 0.000111 0.000111 0.001221 0.000111 0.000111 0.000111 0.000111
0.000111 0.000111 0.000111 0.000111 0.999001 0.000111 0.000111 0.000111 0.000111 0.000111
0.995671 0.001221 0.001221 0.000111 0.000111 0.000111 0.000111 0.000111 0.001221 0.000111
0.000111 0.000111 0.000111 0.999001 0.000111 0.000111 0.000111 0.000111 0.000111 0.000111
0.000111 0.000111 0.000111 0.000111 0.001221 0.000111 0.001221 0.000111 0.000111 0.996781
0.000111 0.994562 0.004550 0.000111 0.000111 0.000111 0.000111 0.000111 0.000111 0.000111
0.000111 0.000111 0.000111 0.000111 0.000111 0.000111 0.999001 0.000111 0.000111 0.000111
0.000111 0.000111 0.000111 0.000111 0.005660 0.000111 0.000111 0.992342 0.001221 0.000111
0.000111 0.000111 0.001221 0.000111 0.000111 0.000111 0.000111 0.000111 0.997891 0.000111
0.000111 0.000111 0.000111 0.000111 0.000111 0.995671 0.002331 0.000111 0.001221 0.000111
0.000111 0.000111 0.997891 0.000111 0.000111 0.000111 0.000111 0.000111 0.001221 0.000111
0.000111 0.000111 0.000111 0.000111 0.997891 0.001221 0.000111 0.000111 0.000111 0.000111
0.995671 0.000111 0.000111 0.000111 0.001221 0.002331 0.000111 0.000111 0.000111 0.000111
0.000111 0.000111 0.000111 0.985683 0.000111 0.000111 0.000111 0.013430 0.000111 0.000111
0.000111 0.000111 0.000111 0.000111 0.000111 0.000111 0.000111 0.000111 0.000111 0.999001
0.000111 0.997891 0.000111 0.000111 0.000111 0.001221 0.000111 0.000111 0.000111 0.000111
0.000111 0.000111 0.005660 0.000111 0.001221 0.000111 0.992342 0.000111 0.000111 0.000111
0.000111 0.000111 0.000111 0.000111 0.000111 0.000111 0.000111 0.996781 0.002331 0.000111
0.000111 0.000111 0.000111 0.000111 0.000111 0.002331 0.000111 0.000111 0.996781 0.000111
0.000111 0.000111 0.000111 0.000111 0.000111 0.999001 0.000111 0.000111 0.000111 0.000111
0.000111 0.000111 0.999001 0.000111 0.000111 0.000111 0.000111 0.000111 0.000111 0.000111
0.002331 0.000111 0.000111 0.000111 0.995671 0.000111 0.000111 0.001221 0.000111 0.000111
0.992342 0.004550 0.000111 0.000111 0.000111 0.002331 0.000111 0.000111 0.000111 0.000111
0.000111 0.000111 0.000111 0.996781 0.000111 0.000111 0.000111 0.000111 0.002331 0.000111
0.000111 0.000111 0.000111 0.000111 0.000111 0.000111 0.000111 0.006770 0.000111 0.992342
0.000111 0.997891 0.000111 0.000111 0.000111 0.000111 0.000111 0.000111 0.000111 0.001221
0.000111 0.000111 0.002331 0.000111 0.002331 0.000111 0.992342 0.002331 0.000111 0.000111
0.003441 0.000111 0.000111 0.000111 0.000111 0.000111 0.002331 0.993452 0.000111 0.000111
0.000111 0.000111 0.000111 0.003441 0.000111 0.000111 0.000111 0.000111 0.994562 0.001221
0.000111 0.000111 0.000111 0.001221 0.000111 0.995671 0.002331 0.000111 0.000111 0.000111
0.000111 0.000111 0.999001 0.000111 0.000111 0.000111 0.000111 0.000111 0.000111 0.000111
0.000111 0.000111 0.000111 0.002331 0.996781 0.000111 0.000111 0.000111 0.000111 0.000111
0.993452 0.000111 0.004550 0.000111 0.001221 0.000111 0.000111 0.000111 0.000111 0.000111
0.000111 0.000111 0.000111 0.997891 0.000111 0.000111 0.000111 0.000111 0.001221 0.000111
0.000111 0.002331 0.000111 0.000111 0.000111 0.000111 0.000111 0.000111 0.000111 0.996781
0.000111 0.997891 0.000111 0.001221 0.000111 0.000111 0.000111 0.000111 0.000111 0.000111
0.000111 0.000111 0.000111 0.000111 0.001221 0.000111 0.996781 0.001221 0.000111 0.000111
0.003441 0.000111 0.000111 0.001221 0.000111 0.000111 0.000111 0.992342 0.002331 0.000111
0.000111 0.002331 0.000111 0.001221 0.000111 0.000111 0.000111 0.000111 0.994562 0.001221
0.004550 0.000111 0.000111 0.000111 0.007880 0.986792 0.000111 0.000111 0.000111 0.000111
0.000111 0.000111 0.996781 0.000111 0.002331 0.000111 0.000111 0.000111 0.000111 0.000111
0.000111 0.001221 0.000111 0.000111 0.987902 0.000111 0.000111 0.000111 0.006770 0.003441
0.993452 0.000111 0.000111 0.001221 0.000111 0.000111 0.000111 0.000111 0.000111 0.004550
0.000111 0.000111 0.006770 0.992342 0.000111 0.000111 0.000111 0.000111 0.000111 0.000111
0.000111 0.000111 0.000111 0.000111 0.000111 0.000111 0.005660 0.000111 0.000111 0.993452
0.000111 0.999001 0.000111 0.000111 0.000111 0.000111 0.000111 0.000111 0.000111 0.000111
0.000111 0.000111 0.000111 0.005660 0.000111 0.000111 0.993452 0.000111 0.000111 0.000111
0.000111 0.000111 0.000111 0.000111 0.000111 0.000111 0.000111 0.999001 0.000111 0.000111
0.000111 0.000111 0.000111 0.002331 0.000111 0.004550 0.000111 0.000111 0.992342 0.000111
0.000111 0.000111 0.002331 0.000111 0.002331 0.994562 0.000111 0.000111 0.000111 0.000111
0.000111 0.000111 0.997891 0.000111 0.001221 0.000111 0.000111 0.000111 0.000111 0.000111
0.000111 0.000111 0.000111 0.000111 0.993452 0.002331 0.000111 0.000111 0.000111 0.003441
0.987902 0.003441 0.000111 0.000111 0.001221 0.004550 0.000111 0.000111 0.002331 0.000111
0.000111 0.000111 0.000111 0.991232 0.000111 0.000111 0.000111 0.007880 0.000111 0.000111
0.001221 0.000111 0.000111 0.000111 0.002331 0.000111 0.001221 0.000111 0.000111 0.994562
0.000111 0.996781 0.000111 0.000111 0.000111 0.000111 0.001221 0.000111 0.001221 0.000111
0.000111 0.000111 0.000111 0.000111 0.000111 0.000111 0.999001 0.000111 0.000111 0.000111
0.000111 0.000111 0.000111 0.002331 0.000111 0.001221 0.000111 0.995671 0.000111 0.000111
0.000111 0.001221 0.000111 0.000111 0.000111 0.000111 0.000111 0.002331 0.994562 0.001221
0.000111 0.000111 0.000111 0.001221 0.001221 0.992342 0.003441 0.001221 0.000111 0.000111
0.001221 0.004550 0.993452 0.000111 0.000111 0.000111 0.000111 0.000111 0.000111 0.000111
0.000111 0.000111 0.005660 0.000111 0.992342 0.000111 0.001221 0.000111 0.000111 0.000111
0.994562 0.000111 0.000111 0.004550 0.000111 0.000111 0.000111 0.000111 0.000111 0.000111
0.000111 0.000111 0.002331 0.996781 0.000111 0.000111 0.000111 0.000111 0.000111 0.000111
0.000111 0.000111 0.000111 0.000111 0.000111 0.000111 0.000111 0.000111 0.000111 0.999001
0.002331 0.990122 0.000111 0.000111 0.000111 0.002331 0.000111 0.000111 0.000111 0.004550
0.005660 0.000111 0.000111 0.000111 0.000111 0.005660 0.987902 0.000111 0.000111 0.000111
0.000111 0.000111 0.000111 0.002331 0.000111 0.000111 0.000111 0.996781 0.000111 0.000111
0.000111 0.000111 0.000111 0.001221 0.000111 0.000111 0.000111 0.000111 0.996781 0.001221
0.000111 0.000111 0.000111 0.000111 0.000111 0.997891 0.000111 0.000111 0.000111 0.001221
0.000111 0.000111 0.999001 0.000111 0.000111 0.000111 0.000111 0.000111 0.000111 0.000111
0.000111 0.000111 0.000111 0.001221 0.990122 0.000111 0.001221 0.006770 0.000111 0.000111
0.999001 0.000111 0.000111 0.000111 0.000111 0.000111 0.000111 0.000111 0.000111 0.000111
0.000111 0.000111 0.000111 0.996781 0.002331 0.000111 0.000111 0.000111 0.000111 0.000111
0.000111 0.000111 0.000111 0.006770 0.000111 0.000111 0.000111 0.000111 0.003441 0.989012
0.000111 0.986792 0.000111 0.000111 0.000111 0.000111 0.000111 0.000111 0.010100 0.002331
0.000111 0.000111 0.000111 0.000111 0.000111 0.000111 0.999001 0.000111 0.000111 0.000111
0.000111 0.000111 0.003441 0.000111 0.000111 0.000111 0.000111 0.995671 0.000111 0.000111
0.000111 0.001221 0.000111 0.002331 0.000111 0.000111 0.000111 0.000111 0.994562 0.001221
0.001221 0.000111 0.000111 0.001221 0.007880 0.989012 0.000111 0.000111 0.000111 0.000111
0.000111 0.000111 0.985683 0.000111 0.000111 0.000111 0.001221 0.012320 0.000111 0.000111
0.000111 0.000111 0.000111 0.000111 0.984573 0.007880 0.000111 0.003441 0.000111 0.003441
0.999001 0.000111 0.000111 0.000111 0.000111 0.000111 0.000111 0.000111 0.000111 0.000111
0.002331 0.000111 0.000111 0.995671 0.000111 0.000111 0.000111 0.000111 0.000111 0.001221
0.000111 0.000111 0.000111 0.000111 0.000111 0.005660 0.000111 0.000111 0.000111 0.993452
0.000111 0.997891 0.000111 0.000111 0.000111 0.000111 0.000111 0.000111 0.001221 0.000111
0.000111 0.000111 0.000111 0.000111 0.000111 0.000111 0.996781 0.000111 0.002331 0.000111
0.000111 0.000111 0.000111 0.000111 0.000111 0.000111 0.001221 0.997891 0.000111 0.000111
0.004550 0.000111 0.002331 0.000111 0.000111 0.000111 0.000111 0.000111 0.992342 0.000111
0.000111 0.000111 0.000111 0.000111 0.000111 0.997891 0.000111 0.001221 0.000111 0.000111
0.000111 0.000111 0.997891 0.000111 0.000111 0.000111 0.000111 0.000111 0.000111 0.001221
0.004550 0.000111 0.000111 0.000111 0.993452 0.000111 0.000111 0.000111 0.001221 0.000111
0.997891 0.000111 0.000111 0.000111 0.001221 0.000111 0.000111 0.000111 0.000111 0.000111
0.000111 0.000111 0.000111 0.994562 0.000111 0.000111 0.000111 0.000111 0.000111 0.004550
0.003441 0.000111 0.000111 0.000111 0.000111 0.000111 0.000111 0.000111 0.000111 0.995671
0.000111 0.999001 0.000111 0.000111 0.000111 0.000111 0.000111 0.000111 0.000111 0.000111
0.000111 0.000111 0.000111 0.000111 0.000111 0.000111 0.996781 0.000111 0.002331 0.000111
0.000111 0.000111 0.000111 0.007880 0.000111 0.000111 0.001221 0.990122 0.000111 0.000111
0.000111 0.000111 0.000111 0.000111 0.000111 0.000111 0.000111 0.000111 0.999001 0.000111
0.000111 0.000111 0.000111 0.000111 0.000111 0.999001 0.000111 0.000111 0.000111 0.000111
0.000111 0.000111 0.989012 0.000111 0.000111 0.000111 0.000111 0.002331 0.007880 0.000111
0.000111 0.000111 0.000111 0.000111 0.999001 0.000111 0.000111 0.000111 0.000111 0.000111
0.993452 0.000111 0.000111 0.002331 0.001221 0.000111 0.000111 0.000111 0.000111 0.002331
0.002331 0.000111 0.000111 0.984573 0.000111 0.000111 0.000111 0.000111 0.012320 0.000111
0.001221 0.000111 0.000111 0.000111 0.000111 0.000111 0.000111 0.004550 0.000111 0.993452
0.000111 0.997891 0.000111 0.000111 0.000111 0.000111 0.001221 0.000111 0.000111 0.000111
0.000111 0.000111 0.000111 0.000111 0.000111 0.000111 0.993452 0.003441 0.001221 0.001221
0.000111 0.000111 0.003441 0.000111 0.000111 0.000111 0.000111 0.995671 0.000111 0.000111
0.000111 0.000111 0.004550 0.000111 0.000111 0.000111 0.000111 0.003441 0.991232 0.000111
0.000111 0.000111 0.000111 0.000111 0.000111 0.999001 0.000111 0.000111 0.000111 0.000111
0.000111 0.000111 0.996781 0.000111 0.001221 0.001221 0.000111 0.000111 0.000111 0.000111
0.000111 0.000111 0.002331 0.000111 0.989012 0.000111 0.000111 0.007880 0.000111 0.000111
0.995671 0.003441 0.000111 0.000111 0.000111 0.000111 0.000111 0.000111 0.000111 0.000111
0.000111 0.000111 0.000111 0.996781 0.000111 0.000111 0.000111 0.000111 0.001221 0.001221
0.000111 0.000111 0.000111 0.000111 0.000111 0.000111 0.000111 0.000111 0.000111 0.999001
0.000111 0.999001 0.000111 0.000111 0.000111 0.000111 0.000111 0.000111 0.000111 0.000111
0.000111 0.000111 0.000111 0.001221 0.000111 0.000111 0.995671 0.001221 0.000111 0.001221
0.000111 0.002331 0.000111 0.001221 0.000111 0.000111 0.000111 0.995671 0.000111 0.000111
0.000111 0.000111 0.000111 0.000111 0.000111 0.000111 0.000111 0.000111 0.999001 0.000111
0.000111 0.000111 0.000111 0.001221 0.000111 0.987902 0.005660 0.004550 0.000111 0.000111
0.000111 0.000111 0.994562 0.000111 0.000111 0.000111 0.000111 0.000111 0.004550 0.000111
0.000111 0.000111 0.000111 0.000111 0.999001 0.000111 0.000111 0.000111 0.000111 0.000111
0.992342 0.003441 0.000111 0.003441 0.000111 0.000111 0.000111 0.000111 0.000111 0.000111
0.000111 0.000111 0.000111 0.995671 0.000111 0.000111 0.003441 0.000111 0.000111 0.000111
0.001221 0.000111 0.000111 0.000111 0.000111 0.000111 0.000111 0.000111 0.000111 0.997891
0.002331 0.996781 0.000111 0.000111 0.000111 0.000111 0.000111 0.000111 0.000111 0.000111
0.000111 0.000111 0.000111 0.001221 0.000111 0.000111 0.997891 0.000111 0.000111 0.000111
0.000111 0.000111 0.000111 0.000111 0.000111 0.000111 0.000111 0.987902 0.000111 0.011210
0.000111 0.001221 0.000111 0.001221 0.000111 0.000111 0.000111 0.000111 0.996781 0.000111
0.000111 0.001221 0.000111 0.000111 0.000111 0.995671 0.002331 0.000111 0.000111 0.000111
0.000111 0.000111 0.987902 0.000111 0.004550 0.001221 0.003441 0.001221 0.000111 0.001221
0.000111 0.000111 0.000111 0.000111 0.994562 0.000111 0.001221 0.000111 0.003441 0.000111
0.999001 0.000111 0.000111 0.000111 0.000111 0.000111 0.000111 0.000111 0.000111 0.000111
0.000111 0.000111 0.000111 0.997891 0.000111 0.001221 0.000111 0.000111 0.000111 0.000111
0.000111 0.000111 0.000111 0.000111 0.000111 0.000111 0.000111 0.000111 0.000111 0.999001
0.000111 0.999001 0.000111 0.000111 0.000111 0.000111 0.000111 0.000111 0.000111 0.000111
0.000111 0.000111 0.000111 0.000111 0.000111 0.000111 0.997891 0.001221 0.000111 0.000111
0.000111 0.000111 0.000111 0.000111 0.000111 0.000111 0.000111 0.999001 0.000111 0.000111
0.000111 0.000111 0.001221 0.000111 0.000111 0.001221 0.002331 0.000111 0.994562 0.000111
0.000111 0.000111 0.000111 0.000111 0.000111 0.992342 0.001221 0.000111 0.005660 0.000111
0.000111 0.000111 0.992342 0.001221 0.000111 0.005660 0.000111 0.000111 0.000111 0.000111
0.001221 0.000111 0.000111 0.000111 0.997891 0.000111 0.000111 0.000111 0.000111 0.000111
0.996781 0.000111 0.000111 0.000111 0.000111 0.000111 0.001221 0.000111 0.001221 0.000111
0.000111 0.001221 0.000111 0.997891 0.000111 0.000111 0.000111 0.000111 0.000111 0.000111
0.000111 0.000111 0.000111 0.000111 0.000111 0.000111 0.000111 0.013430 0.000111 0.985683
0.000111 0.999001 0.000111 0.000111 0.000111 0.000111 0.000111 0.000111 0.000111 0.000111
0.000111 0.000111 0.000111 0.000111 0.000111 0.000111 0.997891 0.000111 0.001221 0.000111
0.000111 0.001221 0.000111 0.000111 0.000111 0.000111 0.000111 0.992342 0.000111 0.005660
0.003441 0.001221 0.000111 0.002331 0.000111 0.000111 0.000111 0.000111 0.992342 0.000111
0.000111 0.000111 0.000111 0.000111 0.000111 0.999001 0.000111 0.000111 0.000111 0.000111
0.000111 0.000111 0.992342 0.000111 0.000111 0.003441 0.000111 0.000111 0.000111 0.003441
0.000111 0.000111 0.000111 0.000111 0.999001 0.000111 0.000111 0.000111 0.000111 0.000111
0.991232 0.000111 0.000111 0.000111 0.007880 0.000111 0.000111 0.000111 0.000111 0.000111
0.000111 0.000111 0.000111 0.997891 0.001221 0.000111 0.000111 0.000111 0.000111 0.000111
0.000111 0.000111 0.000111 0.000111 0.000111 0.000111 0.000111 0.000111 0.000111 0.999001
0.000111 0.990122 0.000111 0.000111 0.000111 0.000111 0.008990 0.000111 0.000111 0.000111
0.000111 0.000111 0.000111 0.000111 0.000111 0.003441 0.995671 0.000111 0.000111 0.000111
0.000111 0.000111 0.000111 0.000111 0.000111 0.000111 0.001221 0.997891 0.000111 0.000111
0.000111 0.001221 0.000111 0.000111 0.004550 0.000111 0.000111 0.000111 0.993452 0.000111
0.000111 0.000111 0.001221 0.001221 0.000111 0.993452 0.000111 0.000111 0.001221 0.002331
0.000111 0.000111 0.999001 0.000111 0.000111 0.000111 0.000111 0.000111 0.000111 0.000111
0.000111 0.000111 0.000111 0.000111 0.996781 0.000111 0.000111 0.002331 0.000111 0.000111
0.984573 0.000111 0.002331 0.000111 0.010100 0.000111 0.000111 0.000111 0.002331 0.000111
0.000111 0.000111 0.000111 0.981243 0.000111 0.000111 0.000111 0.017869 0.000111 0.000111
0.000111 0.002331 0.000111 0.001221 0.000111 0.000111 0.000111 0.000111 0.000111 0.995671
0.000111 0.992342 0.000111 0.000111 0.000111 0.000111 0.000111 0.000111 0.006770 0.000111
0.000111 0.010100 0.000111 0.000111 0.000111 0.004550 0.984573 0.000111 0.000111 0.000111
0.000111 0.000111 0.003441 0.000111 0.000111 0.002331 0.000111 0.989012 0.000111 0.004550
0.000111 0.000111 0.000111 0.001221 0.000111 0.000111 0.000111 0.001221 0.996781 0.000111
0.000111 0.000111 0.000111 0.000111 0.000111 0.996781 0.000111 0.000111 0.000111 0.002331
0.004550 0.002331 0.992342 0.000111 0.000111 0.000111 0.000111 0.000111 0.000111 0.000111
0.003441 0.002331 0.005660 0.000111 0.986792 0.000111 0.000111 0.001221 0.000111 0.000111
0.999001 0.000111 0.000111 0.000111 0.000111 0.000111 0.000111 0.000111 0.000111 0.000111
0.000111 0.000111 0.000111 0.995671 0.000111 0.000111 0.000111 0.000111 0.003441 0.000111
0.000111 0.000111 0.001221 0.000111 0.000111 0.000111 0.000111 0.000111 0.003441 0.994562
0.000111 0.989012 0.007880 0.000111 0.000111 0.000111 0.000111 0.000111 0.000111 0.002331
0.000111 0.000111 0.000111 0.000111 0.000111 0.000111 0.999001 0.000111 0.000111 0.000111
0.000111 0.000111 0.001221 0.000111 0.000111 0.000111 0.000111 0.997891 0.000111 0.000111
0.000111 0.000111 0.000111 0.000111 0.000111 0.000111 0.000111 0.001221 0.997891 0.000111
0.000111 0.001221 0.002331 0.000111 0.000111 0.995671 0.000111 0.000111 0.000111 0.000111
0.000111 0.000111 0.987902 0.000111 0.000111 0.000111 0.000111 0.004550 0.002331 0.004550
0.000111 0.000111 0.000111 0.000111 0.999001 0.000111 0.000111 0.000111 0.000111 0.000111
0.996781 0.001221 0.000111 0.000111 0.000111 0.000111 0.000111 0.001221 0.000111 0.000111
0.000111 0.000111 0.001221 0.997891 0.000111 0.000111 0.000111 0.000111 0.000111 0.000111
0.000111 0.000111 0.000111 0.000111 0.000111 0.000111 0.000111 0.000111 0.000111 0.999001
0.000111 0.992342 0.001221 0.000111 0.004550 0.001221 0.000111 0.000111 0.000111 0.000111
0.002331 0.000111 0.000111 0.003441 0.000111 0.000111 0.993452 0.000111 0.000111 0.000111
0.000111 0.000111 0.000111 0.001221 0.000111 0.000111 0.000111 0.997891 0.000111 0.000111
0.000111 0.000111 0.000111 0.000111 0.000111 0.000111 0.000111 0.000111 0.999001 0.000111
0.000111 0.000111 0.000111 0.000111 0.000111 0.999001 0.000111 0.000111 0.000111 0.000111
0.000111 0.000111 0.999001 0.000111 0.000111 0.000111 0.000111 0.000111 0.000111 0.000111
0.000111 0.000111 0.000111 0.000111 0.996781 0.002331 0.000111 0.000111 0.000111 0.000111
0.989012 0.000111 0.000111 0.006770 0.000111 0.002331 0.000111 0.000111 0.001221 0.000111
0.000111 0.000111 0.000111 0.999001 0.000111 0.000111 0.000111 0.000111 0.000111 0.000111
0.000111 0.000111 0.000111 0.000111 0.000111 0.000111 0.000111 0.003441 0.001221 0.994562
0.000111 0.989012 0.000111 0.006770 0.000111 0.001221 0.000111 0.000111 0.002331 0.000111
0.000111 0.000111 0.003441 0.000111 0.000111 0.000111 0.993452 0.000111 0.001221 0.001221
0.000111 0.000111 0.000111 0.000111 0.000111 0.004550 0.000111 0.994562 0.000111 0.000111
0.000111 0.000111 0.000111 0.000111 0.000111 0.000111 0.000111 0.000111 0.999001 0.000111
0.000111 0.000111 0.000111 0.000111 0.000111 0.995671 0.000111 0.000111 0.003441 0.000111
0.000111 0.000111 0.995671 0.000111 0.000111 0.002331 0.000111 0.001221 0.000111 0.000111
0.000111 0.000111 0.000111 0.001221 0.993452 0.000111 0.003441 0.000111 0.000111 0.001221
0.996781 0.000111 0.002331 0.000111 0.000111 0.000111 0.000111 0.000111 0.000111 0.000111
0.000111 0.000111 0.000111 0.999001 0.000111 0.000111 0.000111 0.000111 0.000111 0.000111
0.000111 0.000111 0.000111 0.000111 0.000111 0.000111 0.000111 0.001221 0.000111 0.997891
0.000111 0.993452 0.000111 0.000111 0.000111 0.000111 0.004550 0.000111 0.001221 0.000111
0.000111 0.000111 0.000111 0.001221 0.000111 0.000111 0.997891 0.000111 0.000111 0.000111
0.000111 0.000111 0.000111 0.000111 0.000111 0.000111 0.000111 0.995671 0.001221 0.002331
0.000111 0.000111 0.000111 0.000111 0.000111 0.000111 0.000111 0.000111 0.995671 0.003441
0.000111 0.000111 0.000111 0.000111 0.000111 0.999001 0.000111 0.000111 0.000111 0.000111
0.000111 0.000111 0.999001 0.000111 0.000111 0.000111 0.000111 0.000111 0.000111 0.000111
0.002331 0.000111 0.000111 0.000111 0.996781 0.000111 0.000111 0.000111 0.000111 0.000111
0.984573 0.006770 0.000111 0.001221 0.001221 0.002331 0.000111 0.000111 0.000111 0.003441
0.000111 0.000111 0.000111 0.997891 0.000111 0.000111 0.000111 0.001221 0.000111 0.000111
0.000111 0.000111 0.000111 0.000111 0.000111 0.000111 0.010100 0.000111 0.000111 0.989012
0.000111 0.999001 0.000111 0.000111 0.000111 0.000111 0.000111 0.000111 0.000111 0.000111
0.000111 0.000111 0.000111 0.000111 0.002331 0.000111 0.996781 0.000111 0.000111 0.000111
0.000111 0.001221 0.001221 0.000111 0.000111 0.000111 0.000111 0.993452 0.003441 0.000111
0.000111 0.000111 0.000111 0.007880 0.000111 0.000111 0.000111 0.000111 0.991232 0.000111
0.000111 0.000111 0.002331 0.000111 0.001221 0.995671 0.000111 0.000111 0.000111 0.000111
0.000111 0.000111 0.997891 0.000111 0.000111 0.000111 0.000111 0.000111 0.000111 0.001221
0.000111 0.000111 0.000111 0.000111 0.997891 0.000111 0.001221 0.000111 0.000111 0.000111
0.999001 0.000111 0.000111 0.000111 0.000111 0.000111 0.000111 0.000111 0.000111 0.000111
0.000111 0.000111 0.000111 0.996781 0.001221 0.000111 0.000111 0.000111 0.000111 0.001221
0.001221 0.000111 0.003441 0.001221 0.000111 0.000111 0.000111 0.000111 0.000111 0.993452
0.000111 0.995671 0.000111 0.000111 0.000111 0.000111 0.000111 0.001221 0.000111 0.002331
0.000111 0.003441 0.000111 0.000111 0.000111 0.000111 0.991232 0.000111 0.000111 0.004550
0.000111 0.000111 0.000111 0.000111 0.000111 0.000111 0.000111 0.999001 0.000111 0.000111
0.000111 0.000111 0.000111 0.000111 0.000111 0.000111 0.004550 0.000111 0.994562 0.000111
0.000111 0.000111 0.000111 0.000111 0.000111 0.992342 0.000111 0.000111 0.005660 0.001221
0.000111 0.002331 0.992342 0.000111 0.000111 0.000111 0.001221 0.000111 0.000111 0.003441
0.000111 0.000111 0.001221 0.000111 0.993452 0.000111 0.000111 0.000111 0.004550 0.000111
0.999001 0.000111 0.000111 0.000111 0.000111 0.000111 0.000111 0.000111 0.000111 0.000111
0.000111 0.000111 0.000111 0.997891 0.000111 0.000111 0.001221 0.000111 0.000111 0.000111
0.000111 0.000111 0.002331 0.000111 0.000111 0.000111 0.000111 0.000111 0.000111 0.996781
0.000111 0.995671 0.000111 0.000111 0.000111 0.000111 0.000111 0.000111 0.000111 0.003441
0.000111 0.000111 0.000111 0.000111 0.002331 0.000111 0.996781 0.000111 0.000111 0.000111
0.000111 0.006770 0.000111 0.000111 0.000111 0.000111 0.000111 0.991232 0.001221 0.000111
0.000111 0.000111 0.000111 0.000111 0.000111 0.000111 0.000111 0.000111 0.999001 0.000111
0.000111 0.001221 0.000111 0.000111 0.002331 0.995671 0.000111 0.000111 0.000111 0.000111
0.000111 0.003441 0.991232 0.000111 0.000111 0.001221 0.003441 0.000111 0.000111 0.000111
0.000111 0.003441 0.000111 0.000111 0.994562 0.001221 0.000111 0.000111 0.000111 0.000111
0.993452 0.001221 0.000111 0.000111 0.000111 0.000111 0.000111 0.000111 0.004550 0.000111
0.000111 0.000111 0.000111 0.995671 0.003441 0.000111 0.000111 0.000111 0.000111 0.000111
0.000111 0.000111 0.000111 0.000111 0.000111 0.000111 0.000111 0.000111 0.000111 0.999001
0.000111 0.999001 0.000111 0.000111 0.000111 0.000111 0.000111 0.000111 0.000111 0.000111
0.000111 0.000111 0.002331 0.000111 0.000111 0.001221 0.984573 0.000111 0.000111 0.011210
0.000111 0.000111 0.003441 0.000111 0.000111 0.000111 0.000111 0.990122 0.005660 0.000111
0.000111 0.000111 0.000111 0.000111 0.000111 0.000111 0.000111 0.000111 0.999001 0.000111
0.000111 0.000111 0.000111 0.004550 0.000111 0.991232 0.000111 0.003441 0.000111 0.000111
0.000111 0.000111 0.999001 0.000111 0.000111 0.000111 0.000111 0.000111 0.000111 0.000111
0.000111 0.000111 0.000111 0.000111 0.996781 0.001221 0.000111 0.001221 0.000111 0.000111
0.997891 0.000111 0.000111 0.000111 0.000111 0.000111 0.000111 0.001221 0.000111 0.000111
0.000111 0.000111 0.001221 0.996781 0.000111 0.000111 0.000111 0.001221 0.000111 0.000111
0.000111 0.000111 0.000111 0.000111 0.000111 0.000111 0.000111 0.000111 0.000111 0.999001
0.000111 0.997891 0.000111 0.000111 0.000111 0.000111 0.000111 0.001221 0.000111 0.000111
0.001221 0.000111 0.000111 0.000111 0.000111 0.000111 0.997891 0.000111 0.000111 0.000111
0.005660 0.000111 0.000111 0.000111 0.000111 0.000111 0.000111 0.993452 0.000111 0.000111
0.000111 0.001221 0.000111 0.000111 0.000111 0.000111 0.000111 0.001221 0.996781 0.000111
0.000111 0.000111 0.000111 0.000111 0.000111 0.997891 0.000111 0.001221 0.000111 0.000111
0.000111 0.000111 0.996781 0.002331 0.000111 0.000111 0.000111 0.000111 0.000111 0.000111
0.001221 0.003441 0.000111 0.000111 0.994562 0.000111 0.000111 0.000111 0.000111 0.000111
0.999001 0.000111 0.000111 0.000111 0.000111 0.000111 0.000111 0.000111 0.000111 0.000111
0.000111 0.001221 0.000111 0.997891 0.000111 0.000111 0.000111 0.000111 0.000111 0.000111
0.000111 0.000111 0.000111 0.000111 0.000111 0.000111 0.000111 0.000111 0.000111 0.999001
0.000111 0.999001 0.000111 0.000111 0.000111 0.000111 0.000111 0.000111 0.000111 0.000111
0.000111 0.000111 0.007880 0.000111 0.000111 0.000111 0.989012 0.000111 0.002331 0.000111
0.000111 0.000111 0.000111 0.000111 0.000111 0.000111 0.000111 0.999001 0.000111 0.000111
0.000111 0.002331 0.000111 0.000111 0.000111 0.000111 0.000111 0.000111 0.996781 0.000111
0.011210 0.000111 0.000111 0.000111 0.000111 0.987902 0.000111 0.000111 0.000111 0.000111
0.000111 0.000111 0.992342 0.000111 0.000111 0.000111 0.001221 0.005660 0.000111 0.000111
0.000111 0.000111 0.000111 0.000111 0.996781 0.000111 0.000111 0.000111 0.000111 0.002331
0.993452 0.002331 0.000111 0.000111 0.000111 0.003441 0.000111 0.000111 0.000111 0.000111
0.000111 0.000111 0.007880 0.991232 0.000111 0.000111 0.000111 0.000111 0.000111 0.000111
0.000111 0.000111 0.001221 0.000111 0.000111 0.002331 0.004550 0.000111 0.000111 0.991232
0.002331 0.995671 0.000111 0.000111 0.000111 0.000111 0.000111 0.001221 0.000111 0.000111
0.000111 0.000111 0.000111 0.000111 0.000111 0.000111 0.996781 0.002331 0.000111 0.000111
0.000111 0.000111 0.000111 0.000111 0.000111 0.001221 0.000111 0.997891 0.000111 0.000111
0.000111 0.000111 0.000111 0.000111 0.001221 0.001221 0.000111 0.000111 0.996781 0.000111
0.000111 0.000111 0.000111 0.000111 0.000111 0.999001 0.000111 0.000111 0.000111 0.000111
0.000111 0.000111 0.991232 0.006770 0.000111 0.000111 0.000111 0.001221 0.000111 0.000111
0.000111 0.000111 0.004550 0.000111 0.994562 0.000111 0.000111 0.000111 0.000111 0.000111
0.999001 0.000111 0.000111 0.000111 0.000111 0.000111 0.000111 0.000111 0.000111 0.000111
0.000111 0.000111 0.003441 0.995671 0.000111 0.000111 0.000111 0.000111 0.000111 0.000111
0.000111 0.001221 0.000111 0.000111 0.000111 0.003441 0.000111 0.000111 0.000111 0.994562
0.000111 0.999001 0.000111 0.000111 0.000111 0.000111 0.000111 0.000111 0.000111 0.000111
0.000111 0.001221 0.000111 0.001221 0.000111 0.000111 0.996781 0.000111 0.000111 0.000111
0.000111 0.000111 0.000111 0.007880 0.000111 0.000111 0.000111 0.991232 0.000111 0.000111
0.000111 0.000111 0.000111 0.000111 0.000111 0.000111 0.000111 0.000111 0.999001 0.000111
0.000111 0.000111 0.000111 0.000111 0.000111 0.999001 0.000111 0.000111 0.000111 0.000111
0.000111 0.003441 0.995671 0.000111 0.000111 0.000111 0.000111 0.000111 0.000111 0.000111
0.002331 0.000111 0.000111 0.000111 0.996781 0.000111 0.000111 0.000111 0.000111 0.000111
0.996781 0.000111 0.000111 0.000111 0.000111 0.000111 0.001221 0.001221 0.000111 0.000111
0.000111 0.000111 0.000111 0.996781 0.002331 0.000111 0.000111 0.000111 0.000111 0.000111
0.000111 0.000111 0.000111 0.000111 0.000111 0.000111 0.000111 0.000111 0.000111 0.999001
0.005660 0.993452 0.000111 0.000111 0.000111 0.000111 0.000111 0.000111 0.000111 0.000111
0.000111 0.000111 0.000111 0.000111 0.000111 0.003441 0.994562 0.001221 0.000111 0.000111
0.000111 0.000111 0.000111 0.001221 0.000111 0.003441 0.000111 0.994562 0.000111 0.000111
0.000111 0.000111 0.001221 0.000111 0.002331 0.000111 0.000111 0.000111 0.995671 0.000111
0.000111 0.001221 0.000111 0.000111 0.001221 0.995671 0.000111 0.001221 0.000111 0.000111
0.000111 0.000111 0.999001 0.000111 0.000111 0.000111 0.000111 0.000111 0.000111 0.000111
0.000111 0.000111 0.000111 0.000111 0.999001 0.000111 0.000111 0.000111 0.000111 0.000111
0.999001 0.000111 0.000111 0.000111 0.000111 0.000111 0.000111 0.000111 0.000111 0.000111
0.002331 0.000111 0.000111 0.992342 0.000111 0.000111 0.001221 0.003441 0.000111 0.000111
0.000111 0.000111 0.000111 0.000111 0.000111 0.000111 0.000111 0.001221 0.000111 0.997891
0.000111 0.992342 0.002331 0.000111 0.000111 0.000111 0.001221 0.000111 0.000111 0.003441
0.001221 0.000111 0.000111 0.000111 0.000111 0.000111 0.994562 0.000111 0.003441 0.000111
0.000111 0.000111 0.000111 0.001221 0.000111 0.000111 0.000111 0.994562 0.001221 0.002331
0.000111 0.000111 0.000111 0.000111 0.000111 0.000111 0.000111 0.000111 0.995671 0.003441
0.000111 0.000111 0.000111 0.000111 0.000111 0.986792 0.000111 0.012320 0.000111 0.000111
0.000111 0.000111 0.992342 0.001221 0.001221 0.000111 0.004550 0.000111 0.000111 0.000111
0.000111 0.000111 0.000111 0.000111 0.999001 0.000111 0.000111 0.000111 0.000111 0.000111
0.997891 0.000111 0.000111 0.000111 0.000111 0.000111 0.001221 0.000111 0.000111 0.000111
0.000111 0.000111 0.000111 0.996781 0.000111 0.000111 0.001221 0.000111 0.001221 0.000111
0.000111 0.000111 0.000111 0.000111 0.000111 0.000111 0.000111 0.000111 0.000111 0.999001
0.001221 0.994562 0.000111 0.001221 0.000111 0.000111 0.000111 0.000111 0.002331 0.000111
0.000111 0.000111 0.000111 0.000111 0.002331 0.000111 0.996781 0.000111 0.000111 0.000111
0.000111 0.000111 0.000111 0.000111 0.000111 0.000111 0.000111 0.996781 0.002331 0.000111
0.001221 0.000111 0.000111 0.000111 0.001221 0.000111 0.000111 0.000111 0.996781 0.000111
0.000111 0.001221 0.000111 0.000111 0.000111 0.997891 0.000111 0.000111 0.000111 0.000111
0.000111 0.000111 0.997891 0.000111 0.000111 0.000111 0.000111 0.000111 0.000111 0.001221
0.000111 0.001221 0.000111 0.000111 0.997891 0.000111 0.000111 0.000111 0.000111 0.000111
0.991232 0.002331 0.005660 0.000111 0.000111 0.000111 0.000111 0.000111 0.000111 0.000111
0.000111 0.000111 0.000111 0.995671 0.000111 0.003441 0.000111 0.000111 0.000111 0.000111
0.000111 0.000111 0.000111 0.001221 0.000111 0.000111 0.000111 0.000111 0.000111 0.997891
0.000111 0.992342 0.001221 0.000111 0.000111 0.005660 0.000111 0.000111 0.000111 0.000111
0.000111 0.001221 0.000111 0.000111 0.000111 0.000111 0.997891 0.000111 0.000111 0.000111
0.000111 0.000111 0.000111 0.000111 0.000111 0.000111 0.000111 0.999001 0.000111 0.000111
0.000111 0.001221 0.000111 0.000111 0.000111 0.000111 0.000111 0.000111 0.997891 0.000111
0.000111 0.006770 0.000111 0.000111 0.007880 0.983463 0.000111 0.001221 0.000111 0.000111
0.000111 0.005660 0.992342 0.000111 0.000111 0.000111 0.000111 0.000111 0.000111 0.001221
0.000111 0.001221 0.000111 0.000111 0.995671 0.000111 0.000111 0.000111 0.002331 0.000111
0.995671 0.000111 0.000111 0.000111 0.000111 0.002331 0.000111 0.000111 0.001221 0.000111
0.003441 0.000111 0.000111 0.995671 0.000111 0.000111 0.000111 0.000111 0.000111 0.000111
0.000111 0.000111 0.000111 0.000111 0.000111 0.000111 0.000111 0.000111 0.000111 0.999001
0.000111 0.997891 0.000111 0.000111 0.000111 0.000111 0.001221 0.000111 0.000111 0.000111
0.000111 0.000111 0.000111 0.005660 0.001221 0.000111 0.992342 0.000111 0.000111 0.000111
0.000111 0.000111 0.000111 0.000111 0.000111 0.000111 0.000111 0.999001 0.000111 0.000111
0.003441 0.000111 0.000111 0.000111 0.000111 0.000111 0.002331 0.000111 0.993452 0.000111
0.001221 0.000111 0.000111 0.000111 0.000111 0.986792 0.000111 0.000111 0.000111 0.011210
0.001221 0.000111 0.997891 0.000111 0.000111 0.000111 0.000111 0.000111 0.000111 0.000111
0.000111 0.001221 0.001221 0.000111 0.995671 0.001221 0.000111 0.000111 0.000111 0.000111
0.999001 0.000111 0.000111 0.000111 0.000111 0.000111 0.000111 0.000111 0.000111 0.000111
0.000111 0.000111 0.000111 0.999001 0.000111 0.000111 0.000111 0.000111 0.000111 0.000111
0.000111 0.000111 0.000111 0.000111 0.000111 0.000111 0.000111 0.005660 0.000111 0.993452
0.000111 0.986792 0.000111 0.008990 0.000111 0.000111 0.000111 0.000111 0.000111 0.003441
0.000111 0.001221 0.000111 0.002331 0.000111 0.000111 0.995671 0.000111 0.000111 0.000111
0.000111 0.000111 0.000111 0.001221 0.002331 0.000111 0.000111 0.995671 0.000111 0.000111
0.000111 0.001221 0.000111 0.000111 0.001221 0.000111 0.000111 0.000111 0.996781 0.000111
0.000111 0.000111 0.000111 0.000111 0.005660 0.993452 0.000111 0.000111 0.000111 0.000111
0.000111 0.000111 0.999001 0.000111 0.000111 0.000111 0.000111 0.000111 0.000111 0.000111
0.000111 0.001221 0.000111 0.000111 0.997891 0.000111 0.000111 0.000111 0.000111 0.000111
0.997891 0.000111 0.000111 0.000111 0.000111 0.000111 0.000111 0.001221 0.000111 0.000111
0.000111 0.000111 0.001221 0.994562 0.000111 0.003441 0.000111 0.000111 0.000111 0.000111
0.000111 0.000111 0.000111 0.000111 0.000111 0.003441 0.000111 0.000111 0.000111 0.995671
0.000111 0.996781 0.000111 0.000111 0.000111 0.000111 0.000111 0.002331 0.000111 0.000111
0.000111 0.001221 0.000111 0.000111 0.000111 0.000111 0.997891 0.000111 0.000111 0.000111
0.000111 0.000111 0.000111 0.000111 0.000111 0.000111 0.000111 0.999001 0.000111 0.000111
0.000111 0.000111 0.000111 0.000111 0.000111 0.000111 0.000111 0.001221 0.997891 0.000111
0.000111 0.000111 0.000111 0.000111 0.000111 0.996781 0.002331 0.000111 0.000111 0.000111
0.000111 0.003441 0.992342 0.003441 0.000111 0.000111 0.000111 0.000111 0.000111 0.000111
0.000111 0.000111 0.002331 0.000111 0.996781 0.000111 0.000111 0.000111 0.000111 0.000111
0.990122 0.000111 0.000111 0.000111 0.000111 0.001221 0.000111 0.000111 0.007880 0.000111
0.000111 0.000111 0.001221 0.994562 0.000111 0.000111 0.000111 0.003441 0.000111 0.000111
0.000111 0.000111 0.000111 0.000111 0.000111 0.000111 0.000111 0.000111 0.000111 0.999001
0.000111 0.999001 0.000111 0.000111 0.000111 0.000111 0.000111 0.000111 0.000111 0.000111
0.000111 0.001221 0.000111 0.000111 0.000111 0.000111 0.993452 0.004550 0.000111 0.000111
0.006770 0.000111 0.000111 0.000111 0.000111 0.000111 0.000111 0.992342 0.000111 0.000111
0.000111 0.000111 0.001221 0.000111 0.000111 0.000111 0.001221 0.000111 0.996781 0.000111
0.000111 0.000111 0.001221 0.000111 0.000111 0.997891 0.000111 0.000111 0.000111 0.000111
0.000111 0.000111 0.992342 0.000111 0.000111 0.000111 0.000111 0.005660 0.001221 0.000111
0.000111 0.000111 0.000111 0.001221 0.995671 0.000111 0.000111 0.001221 0.001221 0.000111
0.999001 0.000111 0.000111 0.000111 0.000111 0.000111 0.000111 0.000111 0.000111 0.000111
0.000111 0.000111 0.000111 0.995671 0.000111 0.003441 0.000111 0.000111 0.000111 0.000111
0.000111 0.000111 0.000111 0.000111 0.000111 0.010100 0.000111 0.000111 0.002331 0.986792
0.000111 0.999001 0.000111 0.000111 0.000111 0.000111 0.000111 0.000111 0.000111 0.000111
0.000111 0.000111 0.000111 0.008990 0.000111 0.000111 0.990122 0.000111 0.000111 0.000111
0.002331 0.005660 0.003441 0.000111 0.002331 0.000111 0.000111 0.985683 0.000111 0.000111
0.001221 0.000111 0.000111 0.000111 0.000111 0.001221 0.000111 0.000111 0.995671 0.001221
0.000111 0.000111 0.000111 0.000111 0.000111 0.996781 0.000111 0.000111 0.002331 0.000111
0.000111 0.000111 0.993452 0.000111 0.000111 0.005660 0.000111 0.000111 0.000111 0.000111
0.000111 0.000111 0.000111 0.002331 0.994562 0.000111 0.001221 0.001221 0.000111 0.000111
0.993452 0.001221 0.002331 0.000111 0.000111 0.002331 0.000111 0.000111 0.000111 0.000111
0.000111 0.000111 0.001221 0.997891 0.000111 0.000111 0.000111 0.000111 0.000111 0.000111
0.000111 0.000111 0.000111 0.000111 0.000111 0.000111 0.000111 0.000111 0.000111 0.999001
0.000111 0.993452 0.000111 0.000111 0.000111 0.000111 0.000111 0.000111 0.001221 0.004550
0.000111 0.000111 0.003441 0.000111 0.000111 0.000111 0.994562 0.001221 0.000111 0.000111
0.000111 0.000111 0.000111 0.000111 0.001221 0.000111 0.000111 0.997891 0.000111 0.000111
0.001221 0.000111 0.000111 0.000111 0.000111 0.000111 0.000111 0.000111 0.997891 0.000111
0.000111 0.000111 0.000111 0.000111 0.000111 0.999001 0.000111 0.000111 0.000111 0.000111
0.000111 0.000111 0.992342 0.000111 0.003441 0.003441 0.000111 0.000111 0.000111 0.000111
0.000111 0.000111 0.000111 0.001221 0.995671 0.000111 0.000111 0.000111 0.002331 0.000111
0.989012 0.000111 0.003441 0.002331 0.000111 0.003441 0.001221 0.000111 0.000111 0.000111
0.000111 0.000111 0.000111 0.999001 0.000111 0.000111 0.000111 0.000111 0.000111 0.000111
0.000111 0.000111 0.000111 0.000111 0.000111 0.002331 0.000111 0.000111 0.000111 0.996781
0.000111 0.999001 0.000111 0.000111 0.000111 0.000111 0.000111 0.000111 0.000111 0.000111
0.000111 0.012320 0.000111 0.000111 0.000111 0.000111 0.986792 0.000111 0.000111 0.000111
0.010100 0.000111 0.000111 0.000111 0.005660 0.000111 0.001221 0.982353 0.000111 0.000111
0.004550 0.000111 0.000111 0.000111 0.000111 0.000111 0.000111 0.000111 0.994562 0.000111
0.000111 0.000111 0.000111 0.000111 0.000111 0.999001 0.000111 0.000111 0.000111 0.000111
0.001221 0.000111 0.997891 0.000111 0.000111 0.000111 0.000111 0.000111 0.000111 0.000111
0.000111 0.003441 0.000111 0.000111 0.994562 0.000111 0.001221 0.000111 0.000111 0.000111
0.994562 0.000111 0.001221 0.000111 0.000111 0.003441 0.000111 0.000111 0.000111 0.000111
0.000111 0.000111 0.000111 0.999001 0.000111 0.000111 0.000111 0.000111 0.000111 0.000111
0.000111 0.000111 0.000111 0.000111 0.000111 0.000111 0.000111 0.000111 0.000111 0.999001
0.000111 0.993452 0.000111 0.000111 0.000111 0.000111 0.004550 0.000111 0.001221 0.000111
0.002331 0.000111 0.000111 0.000111 0.000111 0.000111 0.996781 0.000111 0.000111 0.000111
0.000111 0.000111 0.000111 0.000111 0.000111 0.000111 0.000111 0.999001 0.000111 0.000111
0.000111 0.000111 0.000111 0.010100 0.000111 0.000111 0.000111 0.002331 0.986792 0.000111
0.000111 0.000111 0.000111 0.000111 0.000111 0.997891 0.000111 0.001221 0.000111 0.000111
0.000111 0.000111 0.997891 0.000111 0.000111 0.001221 0.000111 0.000111 0.000111 0.000111
0.000111 0.000111 0.000111 0.001221 0.997891 0.000111 0.000111 0.000111 0.000111 0.000111
0.999001 0.000111 0.000111 0.000111 0.000111 0.000111 0.000111 0.000111 0.000111 0.000111
0.000111 0.000111 0.000111 0.999001 0.000111 0.000111 0.000111 0.000111 0.000111 0.000111
0.000111 0.000111 0.000111 0.000111 0.000111 0.000111 0.000111 0.000111 0.000111 0.999001
0.000111 0.994562 0.000111 0.000111 0.004550 0.000111 0.000111 0.000111 0.000111 0.000111
0.000111 0.001221 0.000111 0.000111 0.000111 0.000111 0.997891 0.000111 0.000111 0.000111
0.000111 0.000111 0.000111 0.000111 0.002331 0.000111 0.000111 0.996781 0.000111 0.000111
0.000111 0.000111 0.000111 0.000111 0.000111 0.000111 0.000111 0.000111 0.999001 0.000111
0.001221 0.000111 0.002331 0.001221 0.000111 0.994562 0.000111 0.000111 0.000111 0.000111
0.000111 0.000111 0.999001 0.000111 0.000111 0.000111 0.000111 0.000111 0.000111 0.000111
0.002331 0.000111 0.000111 0.000111 0.996781 0.000111 0.000111 0.000111 0.000111 0.000111
0.996781 0.000111 0.000111 0.000111 0.000111 0.001221 0.000111 0.000111 0.001221 0.000111
0.000111 0.000111 0.000111 0.999001 0.000111 0.000111 0.000111 0.000111 0.000111 0.000111
0.000111 0.000111 0.000111 0.000111 0.000111 0.000111 0.000111 0.000111 0.003441 0.995671
0.000111 0.997891 0.000111 0.000111 0.000111 0.000111 0.000111 0.000111 0.001221 0.000111
0.001221 0.000111 0.000111 0.000111 0.000111 0.000111 0.991232 0.000111 0.000111 0.006770
0.000111 0.000111 0.000111 0.000111 0.001221 0.000111 0.008990 0.987902 0.001221 0.000111
0.000111 0.000111 0.000111 0.000111 0.005660 0.004550 0.000111 0.002331 0.986792 0.000111
0.000111 0.000111 0.000111 0.000111 0.000111 0.999001 0.000111 0.000111 0.000111 0.000111
0.000111 0.001221 0.996781 0.000111 0.000111 0.000111 0.000111 0.000111 0.001221 0.000111
0.000111 0.000111 0.000111 0.000111 0.999001 0.000111 0.000111 0.000111 0.000111 0.000111
0.999001 0.000111 0.000111 0.000111 0.000111 0.000111 0.000111 0.000111 0.000111 0.000111
0.000111 0.000111 0.000111 0.999001 0.000111 0.000111 0.000111 0.000111 0.000111 0.000111
0.000111 0.001221 0.000111 0.000111 0.000111 0.000111 0.000111 0.000111 0.000111 0.997891
0.000111 0.997891 0.001221 0.000111 0.000111 0.000111 0.000111 0.000111 0.000111 0.000111
0.000111 0.000111 0.000111 0.000111 0.000111 0.000111 0.993452 0.000111 0.001221 0.004550
0.000111 0.000111 0.000111 0.000111 0.000111 0.000111 0.000111 0.999001 0.000111 0.000111
0.005660 0.004550 0.000111 0.000111 0.000111 0.000111 0.000111 0.000111 0.989012 0.000111
0.000111 0.000111 0.000111 0.000111 0.000111 0.999001 0.000111 0.000111 0.000111 0.000111
0.000111 0.000111 0.999001 0.000111 0.000111 0.000111 0.000111 0.000111 0.000111 0.000111
0.000111 0.000111 0.000111 0.000111 0.999001 0.000111 0.000111 0.000111 0.000111 0.000111
0.997891 0.000111 0.000111 0.000111 0.000111 0.000111 0.000111 0.000111 0.001221 0.000111
0.000111 0.000111 0.000111 0.999001 0.000111 0.000111 0.000111 0.000111 0.000111 0.000111
0.007880 0.000111 0.000111 0.000111 0.000111 0.000111 0.001221 0.000111 0.000111 0.990122
0.000111 0.999001 0.000111 0.000111 0.000111 0.000111 0.000111 0.000111 0.000111 0.000111
0.000111 0.000111 0.000111 0.000111 0.000111 0.000111 0.999001 0.000111 0.000111 0.000111
0.000111 0.000111 0.000111 0.000111 0.000111 0.000111 0.000111 0.984573 0.001221 0.013430
0.002331 0.000111 0.001221 0.000111 0.000111 0.000111 0.000111 0.003441 0.992342 0.000111
0.000111 0.000111 0.000111 0.006770 0.001221 0.991232 0.000111 0.000111 0.000111 0.000111
0.000111 0.000111 0.997891 0.000111 0.000111 0.001221 0.000111 0.000111 0.000111 0.000111
0.000111 0.000111 0.000111 0.000111 0.997891 0.000111 0.000111 0.000111 0.001221 0.000111
0.996781 0.000111 0.000111 0.000111 0.000111 0.000111 0.001221 0.000111 0.001221 0.000111
0.000111 0.000111 0.000111 0.999001 0.000111 0.000111 0.000111 0.000111 0.000111 0.000111
0.005660 0.001221 0.000111 0.000111 0.000111 0.000111 0.000111 0.000111 0.000111 0.992342
0.000111 0.999001 0.000111 0.000111 0.000111 0.000111 0.000111 0.000111 0.000111 0.000111
0.000111 0.000111 0.000111 0.000111 0.001221 0.000111 0.990122 0.000111 0.000111 0.007880
0.003441 0.000111 0.000111 0.000111 0.000111 0.001221 0.000111 0.994562 0.000111 0.000111
0.006770 0.000111 0.001221 0.002331 0.000111 0.000111 0.000111 0.002331 0.986792 0.000111
0.000111 0.000111 0.000111 0.000111 0.000111 0.999001 0.000111 0.000111 0.000111 0.000111
0.000111 0.000111 0.997891 0.000111 0.000111 0.000111 0.001221 0.000111 0.000111 0.000111
0.000111 0.000111 0.000111 0.000111 0.996781 0.000111 0.000111 0.000111 0.002331 0.000111
0.993452 0.000111 0.000111 0.000111 0.000111 0.004550 0.000111 0.000111 0.001221 0.000111
0.002331 0.000111 0.000111 0.992342 0.000111 0.000111 0.002331 0.000111 0.000111 0.002331
0.000111 0.001221 0.000111 0.000111 0.000111 0.000111 0.000111 0.000111 0.000111 0.997891
0.002331 0.990122 0.000111 0.003441 0.002331 0.000111 0.000111 0.000111 0.001221 0.000111
0.002331 0.000111 0.000111 0.000111 0.000111 0.000111 0.993452 0.000111 0.000111 0.003441
0.000111 0.000111 0.000111 0.000111 0.000111 0.000111 0.000111 0.997891 0.000111 0.001221
0.000111 0.000111 0.000111 0.000111 0.001221 0.000111 0.000111 0.000111 0.997891 0.000111
0.001221 0.000111 0.001221 0.000111 0.000111 0.996781 0.000111 0.000111 0.000111 0.000111
0.002331 0.000111 0.995671 0.000111 0.000111 0.000111 0.001221 0.000111 0.000111 0.000111
0.000111 0.000111 0.000111 0.000111 0.990122 0.000111 0.000111 0.008990 0.000111 0.000111
0.996781 0.000111 0.001221 0.000111 0.000111 0.000111 0.001221 0.000111 0.000111 0.000111
0.000111 0.000111 0.000111 0.997891 0.001221 0.000111 0.000111 0.000111 0.000111 0.000111
0.000111 0.000111 0.000111 0.000111 0.000111 0.000111 0.000111 0.000111 0.002331 0.996781
0.000111 0.997891 0.000111 0.000111 0.000111 0.000111 0.000111 0.001221 0.000111 0.000111
0.000111 0.000111 0.000111 0.000111 0.000111 0.000111 0.997891 0.000111 0.000111 0.001221
0.000111 0.000111 0.000111 0.000111 0.001221 0.000111 0.000111 0.997891 0.000111 0.000111
0.000111 0.002331 0.000111 0.000111 0.003441 0.000111 0.001221 0.002331 0.990122 0.000111
0.000111 0.000111 0.000111 0.000111 0.000111 0.999001 0.000111 0.000111 0.000111 0.000111
0.000111 0.000111 0.992342 0.003441 0.000111 0.000111 0.000111 0.002331 0.000111 0.001221
0.000111 0.000111 0.000111 0.000111 0.996781 0.001221 0.000111 0.001221 0.000111 0.000111
0.994562 0.000111 0.000111 0.000111 0.000111 0.004550 0.000111 0.000111 0.000111 0.000111
0.000111 0.000111 0.000111 0.992342 0.000111 0.005660 0.000111 0.000111 0.001221 0.000111
0.000111 0.000111 0.000111 0.000111 0.000111 0.003441 0.000111 0.000111 0.000111 0.995671
0.000111 0.997891 0.000111 0.000111 0.000111 0.000111 0.000111 0.000111 0.000111 0.001221
0.000111 0.000111 0.000111 0.000111 0.000111 0.000111 0.999001 0.000111 0.000111 0.000111
0.000111 0.000111 0.002331 0.000111 0.000111 0.000111 0.000111 0.996781 0.000111 0.000111
0.000111 0.000111 0.000111 0.000111 0.000111 0.000111 0.000111 0.004550 0.994562 0.000111
0.000111 0.000111 0.000111 0.000111 0.000111 0.999001 0.000111 0.000111 0.000111 0.000111
0.001221 0.000111 0.992342 0.003441 0.000111 0.002331 0.000111 0.000111 0.000111 0.000111
0.001221 0.000111 0.000111 0.000111 0.997891 0.000111 0.000111 0.000111 0.000111 0.000111
0.999001 0.000111 0.000111 0.000111 0.000111 0.000111 0.000111 0.000111 0.000111 0.000111
0.000111 0.003441 0.000111 0.994562 0.000111 0.000111 0.000111 0.000111 0.001221 0.000111
0.000111 0.000111 0.000111 0.000111 0.000111 0.000111 0.000111 0.000111 0.000111 0.999001
0.000111 0.996781 0.000111 0.000111 0.000111 0.000111 0.001221 0.000111 0.001221 0.000111
0.000111 0.000111 0.002331 0.000111 0.000111 0.000111 0.991232 0.000111 0.005660 0.000111
0.000111 0.000111 0.000111 0.001221 0.000111 0.000111 0.000111 0.997891 0.000111 0.000111
0.000111 0.000111 0.000111 0.000111 0.000111 0.000111 0.000111 0.001221 0.997891 0.000111
0.000111 0.000111 0.000111 0.000111 0.000111 0.999001 0.000111 0.000111 0.000111 0.000111
0.000111 0.000111 0.999001 0.000111 0.000111 0.000111 0.000111 0.000111 0.000111 0.000111
0.002331 0.000111 0.000111 0.003441 0.989012 0.003441 0.001221 0.000111 0.000111 0.000111
0.997891 0.000111 0.000111 0.000111 0.001221 0.000111 0.000111 0.000111 0.000111 0.000111
0.000111 0.000111 0.000111 0.994562 0.000111 0.002331 0.000111 0.000111 0.002331 0.000111
0.013430 0.000111 0.000111 0.000111 0.000111 0.000111 0.000111 0.000111 0.000111 0.985683
0.000111 0.999001 0.000111 0.000111 0.000111 0.000111 0.000111 0.000111 0.000111 0.000111
0.000111 0.000111 0.000111 0.000111 0.000111 0.000111 0.993452 0.000111 0.004550 0.001221
0.000111 0.002331 0.000111 0.002331 0.000111 0.000111 0.000111 0.994562 0.000111 0.000111
0.000111 0.000111 0.000111 0.000111 0.001221 0.000111 0.000111 0.000111 0.997891 0.000111
0.000111 0.000111 0.000111 0.000111 0.000111 0.999001 0.000111 0.000111 0.000111 0.000111
0.000111 0.000111 0.990122 0.001221 0.002331 0.001221 0.000111 0.000111 0.000111 0.004550
0.000111 0.000111 0.000111 0.002331 0.996781 0.000111 0.000111 0.000111 0.000111 0.000111
0.994562 0.004550 0.000111 0.000111 0.000111 0.000111 0.000111 0.000111 0.000111 0.000111
0.000111 0.000111 0.000111 0.997891 0.000111 0.001221 0.000111 0.000111 0.000111 0.000111
0.000111 0.000111 0.001221 0.000111 0.000111 0.000111 0.000111 0.000111 0.000111 0.997891
0.000111 0.999001 0.000111 0.000111 0.000111 0.000111 0.000111 0.000111 0.000111 0.000111
0.000111 0.000111 0.003441 0.000111 0.000111 0.000111 0.994562 0.001221 0.000111 0.000111
0.000111 0.000111 0.000111 0.000111 0.000111 0.000111 0.000111 0.999001 0.000111 0.000111
0.000111 0.000111 0.000111 0.000111 0.000111 0.000111 0.000111 0.000111 0.999001 0.000111
0.000111 0.000111 0.000111 0.000111 0.000111 0.996781 0.000111 0.000111 0.000111 0.002331
0.000111 0.000111 0.999001 0.000111 0.000111 0.000111 0.000111 0.000111 0.000111 0.000111
0.000111 0.000111 0.000111 0.002331 0.996781 0.000111 0.000111 0.000111 0.000111 0.000111
0.995671 0.000111 0.000111 0.000111 0.003441 0.000111 0.000111 0.000111 0.000111 0.000111
0.000111 0.000111 0.000111 0.993452 0.000111 0.000111 0.001221 0.002331 0.000111 0.002331
0.007880 0.000111 0.000111 0.000111 0.000111 0.000111 0.000111 0.000111 0.000111 0.991232
0.000111 0.997891 0.000111 0.001221 0.000111 0.000111 0.000111 0.000111 0.000111 0.000111
0.001221 0.000111 0.000111 0.000111 0.000111 0.000111 0.991232 0.000111 0.006770 0.000111
0.000111 0.001221 0.005660 0.000111 0.000111 0.000111 0.000111 0.992342 0.000111 0.000111
0.000111 0.000111 0.000111 0.000111 0.000111 0.000111 0.000111 0.000111 0.999001 0.000111
0.000111 0.000111 0.000111 0.000111 0.000111 0.993452 0.000111 0.004550 0.001221 0.000111
0.000111 0.000111 0.999001 0.000111 0.000111 0.000111 0.000111 0.000111 0.000111 0.000111
0.000111 0.000111 0.000111 0.000111 0.999001 0.000111 0.000111 0.000111 0.000111 0.000111
0.994562 0.000111 0.003441 0.000111 0.001221 0.000111 0.000111 0.000111 0.000111 0.000111
0.000111 0.003441 0.000111 0.995671 0.000111 0.000111 0.000111 0.000111 0.000111 0.000111
0.000111 0.000111 0.000111 0.000111 0.000111 0.003441 0.005660 0.000111 0.000111 0.990122
0.000111 0.997891 0.000111 0.000111 0.000111 0.000111 0.000111 0.000111 0.001221 0.000111
0.000111 0.001221 0.000111 0.000111 0.000111 0.000111 0.997891 0.000111 0.000111 0.000111
0.000111 0.000111 0.000111 0.000111 0.000111 0.000111 0.000111 0.999001 0.000111 0.000111
0.002331 0.000111 0.000111 0.000111 0.000111 0.000111 0.000111 0.000111 0.996781 0.000111
0.000111 0.000111 0.001221 0.000111 0.000111 0.995671 0.000111 0.000111 0.000111 0.002331
0.000111 0.001221 0.996781 0.000111 0.000111 0.000111 0.001221 0.000111 0.000111 0.000111
0.000111 0.000111 0.000111 0.001221 0.997891 0.000111 0.000111 0.000111 0.000111 0.000111
0.994562 0.002331 0.000111 0.000111 0.000111 0.000111 0.001221 0.000111 0.001221 0.000111
0.001221 0.000111 0.001221 0.995671 0.000111 0.000111 0.000111 0.001221 0.000111 0.000111
0.000111 0.000111 0.000111 0.000111 0.000111 0.002331 0.000111 0.000111 0.001221 0.995671
0.000111 0.986792 0.005660 0.000111 0.000111 0.000111 0.005660 0.000111 0.000111 0.001221
0.000111 0.000111 0.000111 0.000111 0.000111 0.000111 0.999001 0.000111 0.000111 0.000111
0.006770 0.000111 0.000111 0.000111 0.000111 0.000111 0.000111 0.989012 0.000111 0.003441
0.000111 0.000111 0.000111 0.000111 0.000111 0.002331 0.002331 0.000111 0.993452 0.001221
0.000111 0.000111 0.000111 0.000111 0.001221 0.987902 0.000111 0.000111 0.007880 0.002331
0.000111 0.000111 0.997891 0.000111 0.000111 0.000111 0.001221 0.000111 0.000111 0.000111
0.000111 0.001221 0.000111 0.000111 0.997891 0.000111 0.000111 0.000111 0.000111 0.000111
0.999001 0.000111 0.000111 0.000111 0.000111 0.000111 0.000111 0.000111 0.000111 0.000111
0.000111 0.000111 0.000111 0.995671 0.000111 0.000111 0.003441 0.000111 0.000111 0.000111
0.000111 0.000111 0.000111 0.000111 0.000111 0.000111 0.000111 0.003441 0.000111 0.995671
0.000111 0.994562 0.002331 0.000111 0.001221 0.000111 0.000111 0.000111 0.000111 0.001221
0.000111 0.000111 0.000111 0.003441 0.000111 0.000111 0.995671 0.000111 0.000111 0.000111
0.000111 0.000111 0.000111 0.001221 0.000111 0.000111 0.000111 0.997891 0.000111 0.000111
0.000111 0.000111 0.000111 0.000111 0.000111 0.000111 0.000111 0.000111 0.999001 0.000111
0.000111 0.000111 0.000111 0.000111 0.000111 0.996781 0.002331 0.000111 0.000111 0.000111
0.000111 0.000111 0.996781 0.000111 0.000111 0.002331 0.000111 0.000111 0.000111 0.000111
0.000111 0.000111 0.000111 0.000111 0.999001 0.000111 0.000111 0.000111 0.000111 0.000111
0.987902 0.008990 0.001221 0.000111 0.000111 0.000111 0.001221 0.000111 0.000111 0.000111
0.000111 0.000111 0.000111 0.999001 0.000111 0.000111 0.000111 0.000111 0.000111 0.000111
0.003441 0.000111 0.000111 0.000111 0.000111 0.000111 0.000111 0.000111 0.000111 0.995671
0.001221 0.992342 0.000111 0.000111 0.005660 0.000111 0.000111 0.000111 0.000111 0.000111
0.003441 0.000111 0.000111 0.000111 0.000111 0.000111 0.993452 0.000111 0.000111 0.002331
0.000111 0.000111 0.000111 0.000111 0.000111 0.000111 0.000111 0.999001 0.000111 0.000111
0.000111 0.001221 0.000111 0.000111 0.000111 0.000111 0.000111 0.000111 0.997891 0.000111
0.004550 0.000111 0.000111 0.000111 0.000111 0.986792 0.005660 0.000111 0.000111 0.002331
0.004550 0.000111 0.989012 0.000111 0.000111 0.003441 0.000111 0.000111 0.002331 0.000111
0.000111 0.000111 0.000111 0.000111 0.994562 0.004550 0.000111 0.000111 0.000111 0.000111
0.995671 0.000111 0.000111 0.000111 0.001221 0.001221 0.001221 0.000111 0.000111 0.000111
0.000111 0.000111 0.000111 0.997891 0.000111 0.000111 0.000111 0.001221 0.000111 0.000111
0.000111 0.000111 0.000111 0.000111 0.003441 0.001221 0.000111 0.000111 0.002331 0.992342
0.000111 0.996781 0.002331 0.000111 0.000111 0.000111 0.000111 0.000111 0.000111 0.000111
0.002331 0.000111 0.000111 0.000111 0.000111 0.000111 0.996781 0.000111 0.000111 0.000111
0.000111 0.000111 0.000111 0.000111 0.000111 0.002331 0.000111 0.995671 0.001221 0.000111
0.000111 0.000111 0.000111 0.000111 0.000111 0.000111 0.000111 0.000111 0.999001 0.000111
0.000111 0.000111 0.000111 0.000111 0.000111 0.992342 0.000111 0.000111 0.000111 0.006770
0.000111 0.000111 0.999001 0.000111 0.000111 0.000111 0.000111 0.000111 0.000111 0.000111
0.000111 0.000111 0.001221 0.000111 0.992342 0.004550 0.001221 0.000111 0.000111 0.000111
0.981243 0.000111 0.000111 0.002331 0.000111 0.000111 0.015649 0.000111 0.000111 0.000111
0.001221 0.000111 0.001221 0.996781 0.000111 0.000111 0.000111 0.000111 0.000111 0.000111
0.000111 0.000111 0.000111 0.000111 0.000111 0.000111 0.000111 0.000111 0.000111 0.999001
0.000111 0.990122 0.000111 0.000111 0.000111 0.000111 0.004550 0.003441 0.000111 0.001221
0.000111 0.000111 0.000111 0.000111 0.000111 0.001221 0.997891 0.000111 0.000111 0.000111
0.003441 0.000111 0.000111 0.000111 0.010100 0.000111 0.000111 0.984573 0.000111 0.001221
0.000111 0.000111 0.000111 0.000111 0.000111 0.000111 0.000111 0.002331 0.996781 0.000111
0.000111 0.000111 0.000111 0.000111 0.001221 0.996781 0.000111 0.000111 0.000111 0.001221
0.000111 0.000111 0.996781 0.000111 0.000111 0.000111 0.000111 0.002331 0.000111 0.000111
0.000111 0.000111 0.003441 0.000111 0.995671 0.000111 0.000111 0.000111 0.000111 0.000111
0.997891 0.000111 0.000111 0.000111 0.000111 0.000111 0.000111 0.000111 0.000111 0.001221
0.000111 0.000111 0.000111 0.999001 0.000111 0.000111 0.000111 0.000111 0.000111 0.000111
0.000111 0.000111 0.000111 0.000111 0.000111 0.000111 0.000111 0.000111 0.000111 0.999001
0.000111 0.993452 0.000111 0.003441 0.000111 0.000111 0.000111 0.000111 0.002331 0.000111
0.005660 0.000111 0.001221 0.001221 0.000111 0.000111 0.990122 0.000111 0.001221 0.000111
0.001221 0.000111 0.000111 0.001221 0.000111 0.000111 0.000111 0.996781 0.000111 0.000111
0.000111 0.000111 0.000111 0.001221 0.000111 0.000111 0.001221 0.000111 0.996781 0.000111
0.000111 0.000111 0.001221 0.000111 0.000111 0.992342 0.005660 0.000111 0.000111 0.000111
0.000111 0.000111 0.995671 0.000111 0.000111 0.000111 0.000111 0.001221 0.002331 0.000111
0.002331 0.001221 0.000111 0.000111 0.994562 0.001221 0.000111 0.000111 0.000111 0.000111
0.999001 0.000111 0.000111 0.000111 0.000111 0.000111 0.000111 0.000111 0.000111 0.000111
0.000111 0.000111 0.000111 0.995671 0.002331 0.000111 0.000111 0.000111 0.001221 0.000111
0.000111 0.000111 0.000111 0.000111 0.000111 0.001221 0.004550 0.000111 0.000111 0.993452
0.000111 0.999001 0.000111 0.000111 0.000111 0.000111 0.000111 0.000111 0.000111 0.000111
0.000111 0.001221 0.000111 0.001221 0.000111 0.004550 0.987902 0.000111 0.004550 0.000111
0.000111 0.000111 0.000111 0.002331 0.000111 0.006770 0.005660 0.984573 0.000111 0.000111
0.000111 0.000111 0.000111 0.000111 0.000111 0.000111 0.000111 0.000111 0.996781 0.002331
0.000111 0.000111 0.000111 0.001221 0.000111 0.997891 0.000111 0.000111 0.000111 0.000111
0.000111 0.000111 0.995671 0.000111 0.000111 0.001221 0.000111 0.000111 0.002331 0.000111
0.000111 0.000111 0.000111 0.000111 0.999001 0.000111 0.000111 0.000111 0.000111 0.000111
0.999001 0.000111 0.000111 0.000111 0.000111 0.000111 0.000111 0.000111 0.000111 0.000111
0.000111 0.000111 0.000111 0.997891 0.000111 0.000111 0.000111 0.000111 0.001221 0.000111
0.000111 0.001221 0.000111 0.000111 0.002331 0.000111 0.000111 0.007880 0.000111 0.987902
0.000111 0.995671 0.000111 0.001221 0.000111 0.001221 0.000111 0.001221 0.000111 0.000111
0.000111 0.000111 0.000111 0.000111 0.000111 0.000111 0.997891 0.000111 0.000111 0.001221
0.000111 0.000111 0.000111 0.000111 0.000111 0.000111 0.003441 0.995671 0.000111 0.000111
0.000111 0.000111 0.000111 0.000111 0.000111 0.000111 0.000111 0.000111 0.999001 0.000111
0.000111 0.000111 0.000111 0.001221 0.001221 0.996781 0.000111 0.000111 0.000111 0.000111
0.000111 0.000111 0.999001 0.000111 0.000111 0.000111 0.000111 0.000111 0.000111 0.000111
0.000111 0.000111 0.000111 0.000111 0.999001 0.000111 0.000111 0.000111 0.000111 0.000111
0.994562 0.002331 0.000111 0.002331 0.000111 0.000111 0.000111 0.000111 0.000111 0.000111
0.000111 0.000111 0.000111 0.993452 0.002331 0.000111 0.003441 0.000111 0.000111 0.000111
0.001221 0.000111 0.000111 0.000111 0.000111 0.000111 0.000111 0.000111 0.000111 0.997891
0.000111 0.997891 0.000111 0.001221 0.000111 0.000111 0.000111 0.000111 0.000111 0.000111
0.003441 0.000111 0.000111 0.000111 0.000111 0.002331 0.993452 0.000111 0.000111 0.000111
0.000111 0.000111 0.000111 0.000111 0.000111 0.000111 0.000111 0.999001 0.000111 0.000111
0.000111 0.001221 0.000111 0.000111 0.000111 0.000111 0.000111 0.000111 0.997891 0.000111
0.000111 0.000111 0.000111 0.000111 0.000111 0.996781 0.000111 0.002331 0.000111 0.000111
0.000111 0.000111 0.997891 0.000111 0.001221 0.000111 0.000111 0.000111 0.000111 0.000111
0.000111 0.000111 0.000111 0.000111 0.997891 0.000111 0.000111 0.000111 0.001221 0.000111
0.996781 0.000111 0.002331 0.000111 0.000111 0.000111 0.000111 0.000111 0.000111 0.000111
0.000111 0.003441 0.000111 0.992342 0.000111 0.003441 0.000111 0.000111 0.000111 0.000111
0.000111 0.000111 0.000111 0.000111 0.000111 0.000111 0.000111 0.000111 0.002331 0.996781
0.005660 0.993452 0.000111 0.000111 0.000111 0.000111 0.000111 0.000111 0.000111 0.000111
0.000111 0.000111 0.000111 0.000111 0.000111 0.000111 0.997891 0.000111 0.001221 0.000111
0.000111 0.000111 0.000111 0.000111 0.000111 0.000111 0.000111 0.999001 0.000111 0.000111
0.000111 0.000111 0.000111 0.000111 0.000111 0.000111 0.000111 0.000111 0.999001 0.000111
0.000111 0.000111 0.000111 0.001221 0.000111 0.995671 0.001221 0.000111 0.000111 0.001221
0.000111 0.001221 0.993452 0.000111 0.001221 0.000111 0.000111 0.000111 0.003441 0.000111
0.001221 0.002331 0.000111 0.000111 0.993452 0.001221 0.000111 0.000111 0.001221 0.000111
0.996781 0.000111 0.000111 0.000111 0.000111 0.000111 0.000111 0.000111 0.000111 0.002331
0.002331 0.000111 0.000111 0.996781 0.000111 0.000111 0.000111 0.000111 0.000111 0.000111
0.000111 0.000111 0.000111 0.000111 0.001221 0.000111 0.000111 0.000111 0.000111 0.997891
0.000111 0.996781 0.000111 0.000111 0.000111 0.002331 0.000111 0.000111 0.000111 0.000111
0.005660 0.000111 0.000111 0.000111 0.000111 0.000111 0.993452 0.000111 0.000111 0.000111
0.000111 0.001221 0.000111 0.004550 0.002331 0.006770 0.000111 0.984573 0.000111 0.000111
0.000111 0.000111 0.000111 0.000111 0.000111 0.007880 0.000111 0.000111 0.991232 0.000111
0.000111 0.000111 0.003441 0.000111 0.000111 0.993452 0.000111 0.002331 0.000111 0.000111
0.000111 0.000111 0.999001 0.000111 0.000111 0.000111 0.000111 0.000111 0.000111 0.000111
0.000111 0.000111 0.000111 0.001221 0.996781 0.001221 0.000111 0.000111 0.000111 0.000111
0.993452 0.001221 0.002331 0.000111 0.000111 0.000111 0.002331 0.000111 0.000111 0.000111
0.000111 0.000111 0.000111 0.995671 0.003441 0.000111 0.000111 0.000111 0.000111 0.000111
0.000111 0.000111 0.000111 0.000111 0.000111 0.000111 0.003441 0.000111 0.000111 0.995671
