3 7 0 0 0 0 0 0 0 0
0 0 4 6 0 0 0 0 0 0
0 0 0 0 6 4 0 0 0 0
0 0 0 0 0 0 1 9 0 0
0 0 0 0 0 0 0 0 4 6
6 4 0 0 0 0 0 0 0 0
0 0 6 4 0 0 0 0 0 0
0 0 0 0 2 8 0 0 0 0
0 0 0 0 0 0 6 4 0 0
0 0 0 0 0 0 0 0 5 5
6 4 0 0 0 0 0 0 0 0
0 0 6 4 0 0 0 0 0 0
0 0 0 0 5 5 0 0 0 0
0 0 0 0 0 0 4 6 0 0
0 0 0 0 0 0 0 0 5 5
5 5 0 0 0 0 0 0 0 0
0 0 6 4 0 0 0 0 0 0
0 0 0 0 6 4 0 0 0 0
0 0 0 0 0 0 5 5 0 0
0 0 0 0 0 0 0 0 8 2
5 5 0 0 0 0 0 0 0 0
0 0 5 5 0 0 0 0 0 0
0 0 0 0 6 4 0 0 0 0
0 0 0 0 0 0 7 3 0 0
0 0 0 0 0 0 0 0 5 5
3 7 0 0 0 0 0 0 0 0
0 0 3 7 0 0 0 0 0 0
0 0 0 0 5 5 0 0 0 0
0 0 0 0 0 0 7 3 0 0
0 0 0 0 0 0 0 0 4 6
5 5 0 0 0 0 0 0 0 0
0 0 5 5 0 0 0 0 0 0
0 0 0 0 6 4 0 0 0 0
0 0 0 0 0 0 7 3 0 0
0 0 0 0 0 0 0 0 7 3
2 8 0 0 0 0 0 0 0 0
0 0 3 7 0 0 0 0 0 0
0 0 0 0 4 6 0 0 0 0
0 0 0 0 0 0 5 5 0 0
0 0 0 0 0 0 0 0 7 3
3 7 0 0 0 0 0 0 0 0
0 0 6 4 0 0 0 0 0 0
0 0 0 0 8 2 0 0 0 0
0 0 0 0 0 0 5 5 0 0
0 0 0 0 0 0 0 0 3 7
5 5 0 0 0 0 0 0 0 0
0 0 7 3 0 0 0 0 0 0
0 0 0 0 4 6 0 0 0 0
0 0 0 0 0 0 8 2 0 0
0 0 0 0 0 0 0 0 6 4
2 8 0 0 0 0 0 0 0 0
0 0 4 6 0 0 0 0 0 0
0 0 0 0 6 4 0 0 0 0
0 0 0 0 0 0 8 2 0 0
0 0 0 0 0 0 0 0 5 5
2 8 0 0 0 0 0 0 0 0
0 0 5 5 0 0 0 0 0 0
0 0 0 0 5 5 0 0 0 0
0 0 0 0 0 0 8 2 0 0
0 0 0 0 0 0 0 0 7 3
4 6 0 0 0 0 0 0 0 0
0 0 5 5 0 0 0 0 0 0
0 0 0 0 5 5 0 0 0 0
0 0 0 0 0 0 5 5 0 0
0 0 0 0 0 0 0 0 5 5
6 4 0 0 0 0 0 0 0 0
0 0 5 5 0 0 0 0 0 0
0 0 0 0 5 5 0 0 0 0
0 0 0 0 0 0 5 5 0 0
0 0 0 0 0 0 0 0 5 5
8 2 0 0 0 0 0 0 0 0
0 0 7 3 0 0 0 0 0 0
0 0 0 0 4 6 0 0 0 0
0 0 0 0 0 0 5 5 0 0
0 0 0 0 0 0 0 0 4 6
6 4 0 0 0 0 0 0 0 0
0 0 4 6 0 0 0 0 0 0
0 0 0 0 5 5 0 0 0 0
0 0 0 0 0 0 5 5 0 0
0 0 0 0 0 0 0 0 3 7
7 3 0 0 0 0 0 0 0 0
0 0 5 5 0 0 0 0 0 0
0 0 0 0 3 7 0 0 0 0
0 0 0 0 0 0 3 7 0 0
0 0 0 0 0 0 0 0 8 2
7 3 0 0 0 0 0 0 0 0
0 0 3 7 0 0 0 0 0 0
0 0 0 0 2 8 0 0 0 0
0 0 0 0 0 0 5 5 0 0
0 0 0 0 0 0 0 0 3 7
3 7 0 0 0 0 0 0 0 0
0 0 3 7 0 0 0 0 0 0
0 0 0 0 5 5 0 0 0 0
0 0 0 0 0 0 4 6 0 0
0 0 0 0 0 0 0 0 6 4
6 4 0 0 0 0 0 0 0 0
0 0 6 4 0 0 0 0 0 0
0 0 0 0 4 6 0 0 0 0
0 0 0 0 0 0 6 4 0 0
0 0 0 0 0 0 0 0 4 6
6 4 0 0 0 0 0 0 0 0
0 0 4 6 0 0 0 0 0 0
0 0 0 0 6 4 0 0 0 0
0 0 0 0 0 0 5 5 0 0
0 0 0 0 0 0 0 0 6 4
4 6 0 0 0 0 0 0 0 0
0 0 3 7 0 0 0 0 0 0
0 0 0 0 4 6 0 0 0 0
0 0 0 0 0 0 4 6 0 0
0 0 0 0 0 0 0 0 5 5
5 5 0 0 0 0 0 0 0 0
0 0 5 5 0 0 0 0 0 0
0 0 0 0 2 8 0 0 0 0
0 0 0 0 0 0 4 6 0 0
0 0 0 0 0 0 0 0 9 1
5 5 0 0 0 0 0 0 0 0
0 0 6 4 0 0 0 0 0 0
0 0 0 0 6 4 0 0 0 0
0 0 0 0 0 0 6 4 0 0
0 0 0 0 0 0 0 0 4 6
2 8 0 0 0 0 0 0 0 0
0 0 3 7 0 0 0 0 0 0
0 0 0 0 2 8 0 0 0 0
0 0 0 0 0 0 8 2 0 0
0 0 0 0 0 0 0 0 3 7
6 4 0 0 0 0 0 0 0 0
0 0 4 6 0 0 0 0 0 0
0 0 0 0 7 3 0 0 0 0
0 0 0 0 0 0 8 2 0 0
0 0 0 0 0 0 0 0 4 6
4 6 0 0 0 0 0 0 0 0
0 0 7 3 0 0 0 0 0 0
0 0 0 0 5 5 0 0 0 0
0 0 0 0 0 0 5 5 0 0
0 0 0 0 0 0 0 0 6 4
6 4 0 0 0 0 0 0 0 0
0 0 7 3 0 0 0 0 0 0
0 0 0 0 5 5 0 0 0 0
0 0 0 0 0 0 5 5 0 0
0 0 0 0 0 0 0 0 5 5
7 3 0 0 0 0 0 0 0 0
0 0 5 5 0 0 0 0 0 0
0 0 0 0 4 6 0 0 0 0
0 0 0 0 0 0 4 6 0 0
0 0 0 0 0 0 0 0 3 7
5 5 0 0 0 0 0 0 0 0
0 0 6 4 0 0 0 0 0 0
0 0 0 0 6 4 0 0 0 0
0 0 0 0 0 0 4 6 0 0
0 0 0 0 0 0 0 0 5 5
7 3 0 0 0 0 0 0 0 0
0 0 3 7 0 0 0 0 0 0
0 0 0 0 5 5 0 0 0 0
0 0 0 0 0 0 7 3 0 0
0 0 0 0 0 0 0 0 7 3
5 5 0 0 0 0 0 0 0 0
0 0 3 7 0 0 0 0 0 0
0 0 0 0 4 6 0 0 0 0
0 0 0 0 0 0 7 3 0 0
0 0 0 0 0 0 0 0 4 6
3 7 0 0 0 0 0 0 0 0
0 0 3 7 0 0 0 0 0 0
0 0 0 0 8 2 0 0 0 0
0 0 0 0 0 0 8 2 0 0
0 0 0 0 0 0 0 0 8 2
5 5 0 0 0 0 0 0 0 0
0 0 4 6 0 0 0 0 0 0
0 0 0 0 6 4 0 0 0 0
0 0 0 0 0 0 5 5 0 0
0 0 0 0 0 0 0 0 5 5
7 3 0 0 0 0 0 0 0 0
0 0 3 7 0 0 0 0 0 0
0 0 0 0 4 6 0 0 0 0
0 0 0 0 0 0 5 5 0 0
0 0 0 0 0 0 0 0 4 6
2 8 0 0 0 0 0 0 0 0
0 0 6 4 0 0 0 0 0 0
0 0 0 0 5 5 0 0 0 0
0 0 0 0 0 0 8 2 0 0
0 0 0 0 0 0 0 0 6 4
3 7 0 0 0 0 0 0 0 0
0 0 6 4 0 0 0 0 0 0
0 0 0 0 5 5 0 0 0 0
0 0 0 0 0 0 6 4 0 0
0 0 0 0 0 0 0 0 3 7
6 4 0 0 0 0 0 0 0 0
0 0 4 6 0 0 0 0 0 0
0 0 0 0 5 5 0 0 0 0
0 0 0 0 0 0 5 5 0 0
0 0 0 0 0 0 0 0 7 3
7 3 0 0 0 0 0 0 0 0
0 0 7 3 0 0 0 0 0 0
0 0 0 0 4 6 0 0 0 0
0 0 0 0 0 0 8 2 0 0
0 0 0 0 0 0 0 0 5 5
5 5 0 0 0 0 0 0 0 0
0 0 8 2 0 0 0 0 0 0
0 0 0 0 7 3 0 0 0 0
0 0 0 0 0 0 7 3 0 0
0 0 0 0 0 0 0 0 3 7
4 6 0 0 0 0 0 0 0 0
0 0 3 7 0 0 0 0 0 0
0 0 0 0 4 6 0 0 0 0
0 0 0 0 0 0 4 6 0 0
0 0 0 0 0 0 0 0 7 3
5 5 0 0 0 0 0 0 0 0
0 0 8 2 0 0 0 0 0 0
0 0 0 0 5 5 0 0 0 0
0 0 0 0 0 0 6 4 0 0
0 0 0 0 0 0 0 0 4 6
8 2 0 0 0 0 0 0 0 0
0 0 5 5 0 0 0 0 0 0
0 0 0 0 6 4 0 0 0 0
0 0 0 0 0 0 5 5 0 0
0 0 0 0 0 0 0 0 5 5
5 5 0 0 0 0 0 0 0 0
0 0 5 5 0 0 0 0 0 0
0 0 0 0 7 3 0 0 0 0
0 0 0 0 0 0 6 4 0 0
0 0 0 0 0 0 0 0 5 5
5 5 0 0 0 0 0 0 0 0
0 0 1 9 0 0 0 0 0 0
0 0 0 0 3 7 0 0 0 0
0 0 0 0 0 0 5 5 0 0
0 0 0 0 0 0 0 0 7 3
4 6 0 0 0 0 0 0 0 0
0 0 4 6 0 0 0 0 0 0
0 0 0 0 3 7 0 0 0 0
0 0 0 0 0 0 6 4 0 0
0 0 0 0 0 0 0 0 7 3
4 6 0 0 0 0 0 0 0 0
0 0 7 3 0 0 0 0 0 0
0 0 0 0 1 9 0 0 0 0
0 0 0 0 0 0 6 4 0 0
0 0 0 0 0 0 0 0 0 10
6 4 0 0 0 0 0 0 0 0
0 0 6 4 0 0 0 0 0 0
0 0 0 0 6 4 0 0 0 0
0 0 0 0 0 0 6 4 0 0
0 0 0 0 0 0 0 0 5 5
4 6 0 0 0 0 0 0 0 0
0 0 3 7 0 0 0 0 0 0
0 0 0 0 5 5 0 0 0 0
0 0 0 0 0 0 6 4 0 0
0 0 0 0 0 0 0 0 7 3
5 5 0 0 0 0 0 0 0 0
0 0 7 3 0 0 0 0 0 0
0 0 0 0 4 6 0 0 0 0
0 0 0 0 0 0 7 3 0 0
0 0 0 0 0 0 0 0 2 8
2 8 0 0 0 0 0 0 0 0
0 0 8 2 0 0 0 0 0 0
0 0 0 0 4 6 0 0 0 0
0 0 0 0 0 0 7 3 0 0
0 0 0 0 0 0 0 0 8 2
4 6 0 0 0 0 0 0 0 0
0 0 3 7 0 0 0 0 0 0
0 0 0 0 2 8 0 0 0 0
0 0 0 0 0 0 6 4 0 0
0 0 0 0 0 0 0 0 4 6
7 3 0 0 0 0 0 0 0 0
0 0 3 7 0 0 0 0 0 0
0 0 0 0 2 8 0 0 0 0
0 0 0 0 0 0 4 6 0 0
0 0 0 0 0 0 0 0 7 3
5 5 0 0 0 0 0 0 0 0
0 0 4 6 0 0 0 0 0 0
0 0 0 0 5 5 0 0 0 0
0 0 0 0 0 0 5 5 0 0
0 0 0 0 0 0 0 0 7 3
5 5 0 0 0 0 0 0 0 0
0 0 7 3 0 0 0 0 0 0
0 0 0 0 4 6 0 0 0 0
0 0 0 0 0 0 6 4 0 0
0 0 0 0 0 0 0 0 4 6
4 6 0 0 0 0 0 0 0 0
0 0 5 5 0 0 0 0 0 0
0 0 0 0 6 4 0 0 0 0
0 0 0 0 0 0 3 7 0 0
0 0 0 0 0 0 0 0 5 5
6 4 0 0 0 0 0 0 0 0
0 0 5 5 0 0 0 0 0 0
0 0 0 0 6 4 0 0 0 0
0 0 0 0 0 0 3 7 0 0
0 0 0 0 0 0 0 0 4 6
3 7 0 0 0 0 0 0 0 0
0 0 6 4 0 0 0 0 0 0
0 0 0 0 7 3 0 0 0 0
0 0 0 0 0 0 4 6 0 0
0 0 0 0 0 0 0 0 5 5
3 7 0 0 0 0 0 0 0 0
0 0 4 6 0 0 0 0 0 0
0 0 0 0 5 5 0 0 0 0
0 0 0 0 0 0 5 5 0 0
0 0 0 0 0 0 0 0 5 5
6 4 0 0 0 0 0 0 0 0
0 0 7 3 0 0 0 0 0 0
0 0 0 0 5 5 0 0 0 0
0 0 0 0 0 0 8 2 0 0
0 0 0 0 0 0 0 0 5 5
3 7 0 0 0 0 0 0 0 0
0 0 6 4 0 0 0 0 0 0
0 0 0 0 4 6 0 0 0 0
0 0 0 0 0 0 4 6 0 0
0 0 0 0 0 0 0 0 6 4
4 6 0 0 0 0 0 0 0 0
0 0 4 6 0 0 0 0 0 0
0 0 0 0 7 3 0 0 0 0
0 0 0 0 0 0 4 6 0 0
0 0 0 0 0 0 0 0 7 3
6 4 0 0 0 0 0 0 0 0
0 0 8 2 0 0 0 0 0 0
0 0 0 0 6 4 0 0 0 0
0 0 0 0 0 0 6 4 0 0
0 0 0 0 0 0 0 0 6 4
6 4 0 0 0 0 0 0 0 0
0 0 8 2 0 0 0 0 0 0
0 0 0 0 5 5 0 0 0 0
0 0 0 0 0 0 6 4 0 0
0 0 0 0 0 0 0 0 5 5
7 3 0 0 0 0 0 0 0 0
0 0 5 5 0 0 0 0 0 0
0 0 0 0 4 6 0 0 0 0
0 0 0 0 0 0 6 4 0 0
0 0 0 0 0 0 0 0 5 5
2 8 0 0 0 0 0 0 0 0
0 0 7 3 0 0 0 0 0 0
0 0 0 0 4 6 0 0 0 0
0 0 0 0 0 0 4 6 0 0
0 0 0 0 0 0 0 0 2 8
2 8 0 0 0 0 0 0 0 0
0 0 5 5 0 0 0 0 0 0
0 0 0 0 5 5 0 0 0 0
0 0 0 0 0 0 7 3 0 0
0 0 0 0 0 0 0 0 4 6
7 3 0 0 0 0 0 0 0 0
0 0 3 7 0 0 0 0 0 0
0 0 0 0 5 5 0 0 0 0
0 0 0 0 0 0 7 3 0 0
0 0 0 0 0 0 0 0 2 8
1 9 0 0 0 0 0 0 0 0
0 0 4 6 0 0 0 0 0 0
0 0 0 0 7 3 0 0 0 0
0 0 0 0 0 0 5 5 0 0
0 0 0 0 0 0 0 0 6 4
4 6 0 0 0 0 0 0 0 0
0 0 4 6 0 0 0 0 0 0
0 0 0 0 7 3 0 0 0 0
0 0 0 0 0 0 6 4 0 0
0 0 0 0 0 0 0 0 5 5
4 6 0 0 0 0 0 0 0 0
0 0 8 2 0 0 0 0 0 0
0 0 0 0 5 5 0 0 0 0
0 0 0 0 0 0 4 6 0 0
0 0 0 0 0 0 0 0 6 4
4 6 0 0 0 0 0 0 0 0
0 0 3 7 0 0 0 0 0 0
0 0 0 0 5 5 0 0 0 0
0 0 0 0 0 0 7 3 0 0
0 0 0 0 0 0 0 0 5 5
6 4 0 0 0 0 0 0 0 0
0 0 5 5 0 0 0 0 0 0
0 0 0 0 5 5 0 0 0 0
0 0 0 0 0 0 5 5 0 0
0 0 0 0 0 0 0 0 6 4
6 4 0 0 0 0 0 0 0 0
0 0 6 4 0 0 0 0 0 0
0 0 0 0 7 3 0 0 0 0
0 0 0 0 0 0 4 6 0 0
0 0 0 0 0 0 0 0 5 5
4 6 0 0 0 0 0 0 0 0
0 0 3 7 0 0 0 0 0 0
0 0 0 0 6 4 0 0 0 0
0 0 0 0 0 0 6 4 0 0
0 0 0 0 0 0 0 0 4 6
4 6 0 0 0 0 0 0 0 0
0 0 7 3 0 0 0 0 0 0
0 0 0 0 2 8 0 0 0 0
0 0 0 0 0 0 5 5 0 0
0 0 0 0 0 0 0 0 5 5
4 6 0 0 0 0 0 0 0 0
0 0 6 4 0 0 0 0 0 0
0 0 0 0 7 3 0 0 0 0
0 0 0 0 0 0 6 4 0 0
0 0 0 0 0 0 0 0 7 3
5 5 0 0 0 0 0 0 0 0
0 0 5 5 0 0 0 0 0 0
0 0 0 0 5 5 0 0 0 0
0 0 0 0 0 0 3 7 0 0
0 0 0 0 0 0 0 0 4 6
5 5 0 0 0 0 0 0 0 0
0 0 4 6 0 0 0 0 0 0
0 0 0 0 5 5 0 0 0 0
0 0 0 0 0 0 3 7 0 0
0 0 0 0 0 0 0 0 5 5
5 5 0 0 0 0 0 0 0 0
0 0 6 4 0 0 0 0 0 0
0 0 0 0 9 1 0 0 0 0
0 0 0 0 0 0 2 8 0 0
0 0 0 0 0 0 0 0 3 7
4 6 0 0 0 0 0 0 0 0
0 0 1 9 0 0 0 0 0 0
0 0 0 0 3 7 0 0 0 0
0 0 0 0 0 0 4 6 0 0
0 0 0 0 0 0 0 0 4 6
4 6 0 0 0 0 0 0 0 0
0 0 2 8 0 0 0 0 0 0
0 0 0 0 3 7 0 0 0 0
0 0 0 0 0 0 5 5 0 0
0 0 0 0 0 0 0 0 3 7
6 4 0 0 0 0 0 0 0 0
0 0 5 5 0 0 0 0 0 0
0 0 0 0 5 5 0 0 0 0
0 0 0 0 0 0 4 6 0 0
0 0 0 0 0 0 0 0 4 6
3 7 0 0 0 0 0 0 0 0
0 0 4 6 0 0 0 0 0 0
0 0 0 0 4 6 0 0 0 0
0 0 0 0 0 0 7 3 0 0
0 0 0 0 0 0 0 0 8 2
6 4 0 0 0 0 0 0 0 0
0 0 7 3 0 0 0 0 0 0
0 0 0 0 7 3 0 0 0 0
0 0 0 0 0 0 1 9 0 0
0 0 0 0 0 0 0 0 6 4
7 3 0 0 0 0 0 0 0 0
0 0 6 4 0 0 0 0 0 0
0 0 0 0 4 6 0 0 0 0
0 0 0 0 0 0 5 5 0 0
0 0 0 0 0 0 0 0 8 2
4 6 0 0 0 0 0 0 0 0
0 0 5 5 0 0 0 0 0 0
0 0 0 0 3 7 0 0 0 0
0 0 0 0 0 0 6 4 0 0
0 0 0 0 0 0 0 0 5 5
6 4 0 0 0 0 0 0 0 0
0 0 6 4 0 0 0 0 0 0
0 0 0 0 6 4 0 0 0 0
0 0 0 0 0 0 9 1 0 0
0 0 0 0 0 0 0 0 6 4
5 5 0 0 0 0 0 0 0 0
0 0 7 3 0 0 0 0 0 0
0 0 0 0 5 5 0 0 0 0
0 0 0 0 0 0 5 5 0 0
0 0 0 0 0 0 0 0 5 5
4 6 0 0 0 0 0 0 0 0
0 0 5 5 0 0 0 0 0 0
0 0 0 0 7 3 0 0 0 0
0 0 0 0 0 0 4 6 0 0
0 0 0 0 0 0 0 0 5 5
4 6 0 0 0 0 0 0 0 0
0 0 4 6 0 0 0 0 0 0
0 0 0 0 9 1 0 0 0 0
0 0 0 0 0 0 7 3 0 0
0 0 0 0 0 0 0 0 3 7
5 5 0 0 0 0 0 0 0 0
0 0 5 5 0 0 0 0 0 0
0 0 0 0 6 4 0 0 0 0
0 0 0 0 0 0 5 5 0 0
0 0 0 0 0 0 0 0 6 4
5 5 0 0 0 0 0 0 0 0
0 0 5 5 0 0 0 0 0 0
0 0 0 0 6 4 0 0 0 0
0 0 0 0 0 0 4 6 0 0
0 0 0 0 0 0 0 0 5 5
7 3 0 0 0 0 0 0 0 0
0 0 4 6 0 0 0 0 0 0
0 0 0 0 3 7 0 0 0 0
0 0 0 0 0 0 5 5 0 0
0 0 0 0 0 0 0 0 4 6
6 4 0 0 0 0 0 0 0 0
0 0 7 3 0 0 0 0 0 0
0 0 0 0 5 5 0 0 0 0
0 0 0 0 0 0 4 6 0 0
0 0 0 0 0 0 0 0 5 5
6 4 0 0 0 0 0 0 0 0
0 0 4 6 0 0 0 0 0 0
0 0 0 0 5 5 0 0 0 0
0 0 0 0 0 0 3 7 0 0
0 0 0 0 0 0 0 0 6 4
4 6 0 0 0 0 0 0 0 0
0 0 4 6 0 0 0 0 0 0
0 0 0 0 3 7 0 0 0 0
0 0 0 0 0 0 4 6 0 0
0 0 0 0 0 0 0 0 5 5
7 3 0 0 0 0 0 0 0 0
0 0 3 7 0 0 0 0 0 0
0 0 0 0 1 9 0 0 0 0
0 0 0 0 0 0 8 2 0 0
0 0 0 0 0 0 0 0 4 6
6 4 0 0 0 0 0 0 0 0
0 0 3 7 0 0 0 0 0 0
0 0 0 0 7 3 0 0 0 0
0 0 0 0 0 0 1 9 0 0
0 0 0 0 0 0 0 0 4 6
5 5 0 0 0 0 0 0 0 0
0 0 3 7 0 0 0 0 0 0
0 0 0 0 7 3 0 0 0 0
0 0 0 0 0 0 5 5 0 0
0 0 0 0 0 0 0 0 6 4
5 5 0 0 0 0 0 0 0 0
0 0 6 4 0 0 0 0 0 0
0 0 0 0 6 4 0 0 0 0
0 0 0 0 0 0 6 4 0 0
0 0 0 0 0 0 0 0 9 1
5 5 0 0 0 0 0 0 0 0
0 0 3 7 0 0 0 0 0 0
0 0 0 0 4 6 0 0 0 0
0 0 0 0 0 0 6 4 0 0
0 0 0 0 0 0 0 0 7 3
6 4 0 0 0 0 0 0 0 0
0 0 5 5 0 0 0 0 0 0
0 0 0 0 3 7 0 0 0 0
0 0 0 0 0 0 5 5 0 0
0 0 0 0 0 0 0 0 6 4
6 4 0 0 0 0 0 0 0 0
0 0 4 6 0 0 0 0 0 0
0 0 0 0 7 3 0 0 0 0
0 0 0 0 0 0 8 2 0 0
0 0 0 0 0 0 0 0 5 5
8 2 0 0 0 0 0 0 0 0
0 0 5 5 0 0 0 0 0 0
0 0 0 0 5 5 0 0 0 0
0 0 0 0 0 0 6 4 0 0
0 0 0 0 0 0 0 0 4 6
4 6 0 0 0 0 0 0 0 0
0 0 7 3 0 0 0 0 0 0
0 0 0 0 4 6 0 0 0 0
0 0 0 0 0 0 2 8 0 0
0 0 0 0 0 0 0 0 4 6
3 7 0 0 0 0 0 0 0 0
0 0 6 4 0 0 0 0 0 0
0 0 0 0 4 6 0 0 0 0
0 0 0 0 0 0 4 6 0 0
0 0 0 0 0 0 0 0 4 6
5 5 0 0 0 0 0 0 0 0
0 0 6 4 0 0 0 0 0 0
0 0 0 0 7 3 0 0 0 0
0 0 0 0 0 0 7 3 0 0
0 0 0 0 0 0 0 0 3 7
7 3 0 0 0 0 0 0 0 0
0 0 4 6 0 0 0 0 0 0
0 0 0 0 6 4 0 0 0 0
0 0 0 0 0 0 4 6 0 0
0 0 0 0 0 0 0 0 4 6
5 5 0 0 0 0 0 0 0 0
0 0 3 7 0 0 0 0 0 0
0 0 0 0 5 5 0 0 0 0
0 0 0 0 0 0 5 5 0 0
0 0 0 0 0 0 0 0 6 4
6 4 0 0 0 0 0 0 0 0
0 0 3 7 0 0 0 0 0 0
0 0 0 0 4 6 0 0 0 0
0 0 0 0 0 0 5 5 0 0
0 0 0 0 0 0 0 0 6 4
4 6 0 0 0 0 0 0 0 0
0 0 6 4 0 0 0 0 0 0
0 0 0 0 5 5 0 0 0 0
0 0 0 0 0 0 5 5 0 0
0 0 0 0 0 0 0 0 7 3
6 4 0 0 0 0 0 0 0 0
0 0 2 8 0 0 0 0 0 0
0 0 0 0 2 8 0 0 0 0
0 0 0 0 0 0 6 4 0 0
0 0 0 0 0 0 0 0 5 5
0 10 0 0 0 0 0 0 0 0
0 0 6 4 0 0 0 0 0 0
0 0 0 0 8 2 0 0 0 0
0 0 0 0 0 0 4 6 0 0
0 0 0 0 0 0 0 0 5 5
7 3 0 0 0 0 0 0 0 0
0 0 6 4 0 0 0 0 0 0
0 0 0 0 5 5 0 0 0 0
0 0 0 0 0 0 8 2 0 0
0 0 0 0 0 0 0 0 7 3
3 7 0 0 0 0 0 0 0 0
0 0 5 5 0 0 0 0 0 0
0 0 0 0 2 8 0 0 0 0
0 0 0 0 0 0 5 5 0 0
0 0 0 0 0 0 0 0 4 6
5 5 0 0 0 0 0 0 0 0
0 0 7 3 0 0 0 0 0 0
0 0 0 0 4 6 0 0 0 0
0 0 0 0 0 0 6 4 0 0
0 0 0 0 0 0 0 0 7 3
6 4 0 0 0 0 0 0 0 0
0 0 4 6 0 0 0 0 0 0
0 0 0 0 1 9 0 0 0 0
0 0 0 0 0 0 5 5 0 0
0 0 0 0 0 0 0 0 6 4
5 5 0 0 0 0 0 0 0 0
0 0 6 4 0 0 0 0 0 0
0 0 0 0 4 6 0 0 0 0
0 0 0 0 0 0 5 5 0 0
0 0 0 0 0 0 0 0 5 5
6 4 0 0 0 0 0 0 0 0
0 0 3 7 0 0 0 0 0 0
0 0 0 0 5 5 0 0 0 0
0 0 0 0 0 0 3 7 0 0
0 0 0 0 0 0 0 0 6 4
7 3 0 0 0 0 0 0 0 0
0 0 3 7 0 0 0 0 0 0
0 0 0 0 6 4 0 0 0 0
0 0 0 0 0 0 5 5 0 0
0 0 0 0 0 0 0 0 6 4
7 3 0 0 0 0 0 0 0 0
0 0 6 4 0 0 0 0 0 0
0 0 0 0 6 4 0 0 0 0
0 0 0 0 0 0 6 4 0 0
0 0 0 0 0 0 0 0 4 6
9 1 0 0 0 0 0 0 0 0
0 0 5 5 0 0 0 0 0 0
0 0 0 0 6 4 0 0 0 0
0 0 0 0 0 0 3 7 0 0
0 0 0 0 0 0 0 0 7 3
6 4 0 0 0 0 0 0 0 0
0 0 3 7 0 0 0 0 0 0
0 0 0 0 2 8 0 0 0 0
0 0 0 0 0 0 6 4 0 0
0 0 0 0 0 0 0 0 6 4
6 4 0 0 0 0 0 0 0 0
0 0 5 5 0 0 0 0 0 0
0 0 0 0 8 2 0 0 0 0
0 0 0 0 0 0 4 6 0 0
0 0 0 0 0 0 0 0 5 5
1 9 0 0 0 0 0 0 0 0
0 0 5 5 0 0 0 0 0 0
0 0 0 0 6 4 0 0 0 0
0 0 0 0 0 0 6 4 0 0
0 0 0 0 0 0 0 0 2 8
5 5 0 0 0 0 0 0 0 0
0 0 6 4 0 0 0 0 0 0
0 0 0 0 3 7 0 0 0 0
0 0 0 0 0 0 7 3 0 0
0 0 0 0 0 0 0 0 6 4
5 5 0 0 0 0 0 0 0 0
0 0 3 7 0 0 0 0 0 0
0 0 0 0 5 5 0 0 0 0
0 0 0 0 0 0 3 7 0 0
0 0 0 0 0 0 0 0 6 4
3 7 0 0 0 0 0 0 0 0
0 0 1 9 0 0 0 0 0 0
0 0 0 0 6 4 0 0 0 0
0 0 0 0 0 0 4 6 0 0
0 0 0 0 0 0 0 0 6 4
7 3 0 0 0 0 0 0 0 0
0 0 8 2 0 0 0 0 0 0
0 0 0 0 6 4 0 0 0 0
0 0 0 0 0 0 7 3 0 0
0 0 0 0 0 0 0 0 6 4
7 3 0 0 0 0 0 0 0 0
0 0 5 5 0 0 0 0 0 0
0 0 0 0 5 5 0 0 0 0
0 0 0 0 0 0 5 5 0 0
0 0 0 0 0 0 0 0 5 5
3 7 0 0 0 0 0 0 0 0
0 0 3 7 0 0 0 0 0 0
0 0 0 0 4 6 0 0 0 0
0 0 0 0 0 0 6 4 0 0
0 0 0 0 0 0 0 0 4 6
3 7 0 0 0 0 0 0 0 0
0 0 5 5 0 0 0 0 0 0
0 0 0 0 3 7 0 0 0 0
0 0 0 0 0 0 7 3 0 0
0 0 0 0 0 0 0 0 7 3
8 2 0 0 0 0 0 0 0 0
0 0 6 4 0 0 0 0 0 0
0 0 0 0 3 7 0 0 0 0
0 0 0 0 0 0 5 5 0 0
0 0 0 0 0 0 0 0 6 4
5 5 0 0 0 0 0 0 0 0
0 0 7 3 0 0 0 0 0 0
0 0 0 0 4 6 0 0 0 0
0 0 0 0 0 0 3 7 0 0
0 0 0 0 0 0 0 0 6 4
8 2 0 0 0 0 0 0 0 0
0 0 5 5 0 0 0 0 0 0
0 0 0 0 7 3 0 0 0 0
0 0 0 0 0 0 3 7 0 0
0 0 0 0 0 0 0 0 7 3
3 7 0 0 0 0 0 0 0 0
0 0 8 2 0 0 0 0 0 0
0 0 0 0 2 8 0 0 0 0
0 0 0 0 0 0 3 7 0 0
0 0 0 0 0 0 0 0 7 3
9 1 0 0 0 0 0 0 0 0
0 0 3 7 0 0 0 0 0 0
0 0 0 0 5 5 0 0 0 0
0 0 0 0 0 0 5 5 0 0
0 0 0 0 0 0 0 0 5 5
5 5 0 0 0 0 0 0 0 0
0 0 7 3 0 0 0 0 0 0
0 0 0 0 4 6 0 0 0 0
0 0 0 0 0 0 5 5 0 0
0 0 0 0 0 0 0 0 4 6
6 4 0 0 0 0 0 0 0 0
0 0 5 5 0 0 0 0 0 0
0 0 0 0 8 2 0 0 0 0
0 0 0 0 0 0 6 4 0 0
0 0 0 0 0 0 0 0 6 4
4 6 0 0 0 0 0 0 0 0
0 0 5 5 0 0 0 0 0 0
0 0 0 0 5 5 0 0 0 0
0 0 0 0 0 0 7 3 0 0
0 0 0 0 0 0 0 0 5 5
2 8 0 0 0 0 0 0 0 0
0 0 5 5 0 0 0 0 0 0
0 0 0 0 5 5 0 0 0 0
0 0 0 0 0 0 5 5 0 0
0 0 0 0 0 0 0 0 6 4
6 4 0 0 0 0 0 0 0 0
0 0 6 4 0 0 0 0 0 0
0 0 0 0 5 5 0 0 0 0
0 0 0 0 0 0 4 6 0 0
0 0 0 0 0 0 0 0 6 4
4 6 0 0 0 0 0 0 0 0
0 0 5 5 0 0 0 0 0 0
0 0 0 0 7 3 0 0 0 0
0 0 0 0 0 0 2 8 0 0
0 0 0 0 0 0 0 0 6 4
5 5 0 0 0 0 0 0 0 0
0 0 4 6 0 0 0 0 0 0
0 0 0 0 6 4 0 0 0 0
0 0 0 0 0 0 7 3 0 0
0 0 0 0 0 0 0 0 6 4
4 6 0 0 0 0 0 0 0 0
0 0 5 5 0 0 0 0 0 0
0 0 0 0 6 4 0 0 0 0
0 0 0 0 0 0 3 7 0 0
0 0 0 0 0 0 0 0 3 7
4 6 0 0 0 0 0 0 0 0
0 0 4 6 0 0 0 0 0 0
0 0 0 0 3 7 0 0 0 0
0 0 0 0 0 0 4 6 0 0
0 0 0 0 0 0 0 0 5 5
1 9 0 0 0 0 0 0 0 0
0 0 5 5 0 0 0 0 0 0
0 0 0 0 5 5 0 0 0 0
0 0 0 0 0 0 4 6 0 0
0 0 0 0 0 0 0 0 4 6
4 6 0 0 0 0 0 0 0 0
0 0 2 8 0 0 0 0 0 0
0 0 0 0 7 3 0 0 0 0
0 0 0 0 0 0 7 3 0 0
0 0 0 0 0 0 0 0 6 4
4 6 0 0 0 0 0 0 0 0
0 0 5 5 0 0 0 0 0 0
0 0 0 0 5 5 0 0 0 0
0 0 0 0 0 0 7 3 0 0
0 0 0 0 0 0 0 0 6 4
4 6 0 0 0 0 0 0 0 0
0 0 4 6 0 0 0 0 0 0
0 0 0 0 4 6 0 0 0 0
0 0 0 0 0 0 7 3 0 0
0 0 0 0 0 0 0 0 4 6
4 6 0 0 0 0 0 0 0 0
0 0 8 2 0 0 0 0 0 0
0 0 0 0 5 5 0 0 0 0
0 0 0 0 0 0 6 4 0 0
0 0 0 0 0 0 0 0 9 1
6 4 0 0 0 0 0 0 0 0
0 0 2 8 0 0 0 0 0 0
0 0 0 0 6 4 0 0 0 0
0 0 0 0 0 0 5 5 0 0
0 0 0 0 0 0 0 0 4 6
4 6 0 0 0 0 0 0 0 0
0 0 1 9 0 0 0 0 0 0
0 0 0 0 5 5 0 0 0 0
0 0 0 0 0 0 6 4 0 0
0 0 0 0 0 0 0 0 6 4
5 5 0 0 0 0 0 0 0 0
0 0 3 7 0 0 0 0 0 0
0 0 0 0 5 5 0 0 0 0
0 0 0 0 0 0 5 5 0 0
0 0 0 0 0 0 0 0 3 7
4 6 0 0 0 0 0 0 0 0
0 0 4 6 0 0 0 0 0 0
0 0 0 0 3 7 0 0 0 0
0 0 0 0 0 0 4 6 0 0
0 0 0 0 0 0 0 0 5 5
5 5 0 0 0 0 0 0 0 0
0 0 5 5 0 0 0 0 0 0
0 0 0 0 4 6 0 0 0 0
0 0 0 0 0 0 4 6 0 0
0 0 0 0 0 0 0 0 6 4
5 5 0 0 0 0 0 0 0 0
0 0 7 3 0 0 0 0 0 0
0 0 0 0 5 5 0 0 0 0
0 0 0 0 0 0 5 5 0 0
0 0 0 0 0 0 0 0 7 3
4 6 0 0 0 0 0 0 0 0
0 0 4 6 0 0 0 0 0 0
0 0 0 0 5 5 0 0 0 0
0 0 0 0 0 0 5 5 0 0
0 0 0 0 0 0 0 0 5 5
5 5 0 0 0 0 0 0 0 0
0 0 5 5 0 0 0 0 0 0
0 0 0 0 5 5 0 0 0 0
0 0 0 0 0 0 7 3 0 0
0 0 0 0 0 0 0 0 7 3
8 2 0 0 0 0 0 0 0 0
0 0 5 5 0 0 0 0 0 0
0 0 0 0 3 7 0 0 0 0
0 0 0 0 0 0 3 7 0 0
0 0 0 0 0 0 0 0 4 6
5 5 0 0 0 0 0 0 0 0
0 0 7 3 0 0 0 0 0 0
0 0 0 0 6 4 0 0 0 0
0 0 0 0 0 0 3 7 0 0
0 0 0 0 0 0 0 0 3 7
6 4 0 0 0 0 0 0 0 0
0 0 6 4 0 0 0 0 0 0
0 0 0 0 3 7 0 0 0 0
0 0 0 0 0 0 2 8 0 0
0 0 0 0 0 0 0 0 5 5
5 5 0 0 0 0 0 0 0 0
0 0 8 2 0 0 0 0 0 0
0 0 0 0 8 2 0 0 0 0
0 0 0 0 0 0 3 7 0 0
0 0 0 0 0 0 0 0 8 2
6 4 0 0 0 0 0 0 0 0
0 0 2 8 0 0 0 0 0 0
0 0 0 0 6 4 0 0 0 0
0 0 0 0 0 0 4 6 0 0
0 0 0 0 0 0 0 0 6 4
4 6 0 0 0 0 0 0 0 0
0 0 7 3 0 0 0 0 0 0
0 0 0 0 2 8 0 0 0 0
0 0 0 0 0 0 6 4 0 0
0 0 0 0 0 0 0 0 6 4
7 3 0 0 0 0 0 0 0 0
0 0 5 5 0 0 0 0 0 0
0 0 0 0 6 4 0 0 0 0
0 0 0 0 0 0 5 5 0 0
0 0 0 0 0 0 0 0 5 5
7 3 0 0 0 0 0 0 0 0
0 0 7 3 0 0 0 0 0 0
0 0 0 0 5 5 0 0 0 0
0 0 0 0 0 0 6 4 0 0
0 0 0 0 0 0 0 0 8 2
5 5 0 0 0 0 0 0 0 0
0 0 5 5 0 0 0 0 0 0
0 0 0 0 3 7 0 0 0 0
0 0 0 0 0 0 3 7 0 0
0 0 0 0 0 0 0 0 5 5
6 4 0 0 0 0 0 0 0 0
0 0 6 4 0 0 0 0 0 0
0 0 0 0 4 6 0 0 0 0
0 0 0 0 0 0 5 5 0 0
0 0 0 0 0 0 0 0 3 7
4 6 0 0 0 0 0 0 0 0
0 0 6 4 0 0 0 0 0 0
0 0 0 0 3 7 0 0 0 0
0 0 0 0 0 0 4 6 0 0
0 0 0 0 0 0 0 0 8 2
6 4 0 0 0 0 0 0 0 0
0 0 4 6 0 0 0 0 0 0
0 0 0 0 6 4 0 0 0 0
0 0 0 0 0 0 6 4 0 0
0 0 0 0 0 0 0 0 1 9
7 3 0 0 0 0 0 0 0 0
0 0 8 2 0 0 0 0 0 0
0 0 0 0 6 4 0 0 0 0
0 0 0 0 0 0 5 5 0 0
0 0 0 0 0 0 0 0 4 6
8 2 0 0 0 0 0 0 0 0
0 0 6 4 0 0 0 0 0 0
0 0 0 0 5 5 0 0 0 0
0 0 0 0 0 0 6 4 0 0
0 0 0 0 0 0 0 0 6 4
5 5 0 0 0 0 0 0 0 0
0 0 6 4 0 0 0 0 0 0
0 0 0 0 6 4 0 0 0 0
0 0 0 0 0 0 4 6 0 0
0 0 0 0 0 0 0 0 6 4
8 2 0 0 0 0 0 0 0 0
0 0 6 4 0 0 0 0 0 0
0 0 0 0 7 3 0 0 0 0
0 0 0 0 0 0 5 5 0 0
0 0 0 0 0 0 0 0 6 4
7 3 0 0 0 0 0 0 0 0
0 0 6 4 0 0 0 0 0 0
0 0 0 0 4 6 0 0 0 0
0 0 0 0 0 0 6 4 0 0
0 0 0 0 0 0 0 0 8 2
4 6 0 0 0 0 0 0 0 0
0 0 2 8 0 0 0 0 0 0
0 0 0 0 8 2 0 0 0 0
0 0 0 0 0 0 6 4 0 0
0 0 0 0 0 0 0 0 6 4
7 3 0 0 0 0 0 0 0 0
0 0 5 5 0 0 0 0 0 0
0 0 0 0 8 2 0 0 0 0
0 0 0 0 0 0 4 6 0 0
0 0 0 0 0 0 0 0 5 5
5 5 0 0 0 0 0 0 0 0
0 0 3 7 0 0 0 0 0 0
0 0 0 0 6 4 0 0 0 0
0 0 0 0 0 0 6 4 0 0
0 0 0 0 0 0 0 0 5 5
6 4 0 0 0 0 0 0 0 0
0 0 4 6 0 0 0 0 0 0
0 0 0 0 4 6 0 0 0 0
0 0 0 0 0 0 8 2 0 0
0 0 0 0 0 0 0 0 5 5
4 6 0 0 0 0 0 0 0 0
0 0 4 6 0 0 0 0 0 0
0 0 0 0 4 6 0 0 0 0
0 0 0 0 0 0 5 5 0 0
0 0 0 0 0 0 0 0 8 2
5 5 0 0 0 0 0 0 0 0
0 0 6 4 0 0 0 0 0 0
0 0 0 0 6 4 0 0 0 0
0 0 0 0 0 0 4 6 0 0
0 0 0 0 0 0 0 0 8 2
5 5 0 0 0 0 0 0 0 0
0 0 4 6 0 0 0 0 0 0
0 0 0 0 7 3 0 0 0 0
0 0 0 0 0 0 7 3 0 0
0 0 0 0 0 0 0 0 4 6
6 4 0 0 0 0 0 0 0 0
0 0 6 4 0 0 0 0 0 0
0 0 0 0 4 6 0 0 0 0
0 0 0 0 0 0 5 5 0 0
0 0 0 0 0 0 0 0 4 6
4 6 0 0 0 0 0 0 0 0
0 0 7 3 0 0 0 0 0 0
0 0 0 0 6 4 0 0 0 0
0 0 0 0 0 0 7 3 0 0
0 0 0 0 0 0 0 0 6 4
6 4 0 0 0 0 0 0 0 0
0 0 5 5 0 0 0 0 0 0
0 0 0 0 3 7 0 0 0 0
0 0 0 0 0 0 3 7 0 0
0 0 0 0 0 0 0 0 5 5
6 4 0 0 0 0 0 0 0 0
0 0 6 4 0 0 0 0 0 0
0 0 0 0 5 5 0 0 0 0
0 0 0 0 0 0 4 6 0 0
0 0 0 0 0 0 0 0 4 6
6 4 0 0 0 0 0 0 0 0
0 0 6 4 0 0 0 0 0 0
0 0 0 0 2 8 0 0 0 0
0 0 0 0 0 0 5 5 0 0
0 0 0 0 0 0 0 0 4 6
5 5 0 0 0 0 0 0 0 0
0 0 6 4 0 0 0 0 0 0
0 0 0 0 5 5 0 0 0 0
0 0 0 0 0 0 8 2 0 0
0 0 0 0 0 0 0 0 5 5
7 3 0 0 0 0 0 0 0 0
0 0 4 6 0 0 0 0 0 0
0 0 0 0 3 7 0 0 0 0
0 0 0 0 0 0 6 4 0 0
0 0 0 0 0 0 0 0 5 5
4 6 0 0 0 0 0 0 0 0
0 0 6 4 0 0 0 0 0 0
0 0 0 0 6 4 0 0 0 0
0 0 0 0 0 0 4 6 0 0
0 0 0 0 0 0 0 0 3 7
3 7 0 0 0 0 0 0 0 0
0 0 6 4 0 0 0 0 0 0
0 0 0 0 2 8 0 0 0 0
0 0 0 0 0 0 4 6 0 0
0 0 0 0 0 0 0 0 4 6
3 7 0 0 0 0 0 0 0 0
0 0 7 3 0 0 0 0 0 0
0 0 0 0 7 3 0 0 0 0
0 0 0 0 0 0 1 9 0 0
0 0 0 0 0 0 0 0 3 7
4 6 0 0 0 0 0 0 0 0
0 0 3 7 0 0 0 0 0 0
0 0 0 0 6 4 0 0 0 0
0 0 0 0 0 0 5 5 0 0
0 0 0 0 0 0 0 0 4 6
4 6 0 0 0 0 0 0 0 0
0 0 5 5 0 0 0 0 0 0
0 0 0 0 6 4 0 0 0 0
0 0 0 0 0 0 5 5 0 0
0 0 0 0 0 0 0 0 5 5
5 5 0 0 0 0 0 0 0 0
0 0 4 6 0 0 0 0 0 0
0 0 0 0 6 4 0 0 0 0
0 0 0 0 0 0 5 5 0 0
0 0 0 0 0 0 0 0 4 6
4 6 0 0 0 0 0 0 0 0
0 0 5 5 0 0 0 0 0 0
0 0 0 0 2 8 0 0 0 0
0 0 0 0 0 0 5 5 0 0
0 0 0 0 0 0 0 0 7 3
3 7 0 0 0 0 0 0 0 0
0 0 6 4 0 0 0 0 0 0
0 0 0 0 6 4 0 0 0 0
0 0 0 0 0 0 3 7 0 0
0 0 0 0 0 0 0 0 6 4
9 1 0 0 0 0 0 0 0 0
0 0 3 7 0 0 0 0 0 0
0 0 0 0 6 4 0 0 0 0
0 0 0 0 0 0 4 6 0 0
0 0 0 0 0 0 0 0 4 6
