3.442216157913208
3.546145439147949
3.4636099338531494
3.492173671722412
3.484351396560669
3.497344493865967
3.4659669399261475
3.5231211185455322
3.5685558319091797
3.505581855773926
3.484886884689331
3.509082794189453
3.7611804008483887
3.6803624629974365
3.4984958171844482
3.487708330154419
3.4816431999206543
3.5115561485290527
3.5058350563049316
3.5131237506866455
3.522679328918457
3.508554220199585
3.465832471847534
3.5952534675598145
3.54390811920166
3.493739366531372
3.4859232902526855
3.51254940032959
3.5186824798583984
3.5345325469970703
52.92768621444702
