0.0738283360258648
0.07158694158863024
0.08485287105172447
0.08688330113452589
0.08137626782801716
0.05255309838441348
0.057859297667088215
0.0767671705782455
0.06909612690223238
0.07658575355134224
0.0620825412448258
0.06670756135149361
0.09762454987427313
0.07348179748810112
0.08385653811225938
0.05503364457794497
0.06835503870924142
0.05641972484559327
0.06798876687959726
0.07762359086994583
0.0770396759295848
0.07759575735278519
0.08518975422244912
0.06480303883986901
0.07093505933300964
0.06582922440766018
0.09061895838108205
0.06481506604081246
0.05774032764097327
0.09409678608650131
