0.23142001578512084
0.25050484479561774
0.2262936183934424
0.22315724506182044
0.22766548062747344
0.2206625675811676
0.2240256770664023
0.17858064384993283
0.23564445636113063
0.18857273699776556
0.24340108765992338
0.17813943048697192
0.21970726810143829
0.2954734589399795
0.24907907637545126
0.14703277859539512
0.20193161269204774
0.21797365851737013
0.224714023524523
0.25910596749863474
0.2516878067419327
0.22952394988443978
0.19358393064340784
0.22914199128354693
0.28310955813456634
0.24693015363660498
0.21843723333496073
0.21136044043805094
0.28438134837866086
0.21321574693591802
