3.16894793510437
3.2191145420074463
3.2524566650390625
3.2323644161224365
3.2459864616394043
3.2019500732421875
3.2433526515960693
3.239835023880005
3.223984956741333
3.227385997772217
3.200415849685669
3.216391086578369
3.192861318588257
3.2425718307495117
3.2231836318969727
3.2366535663604736
3.205639600753784
3.2031450271606445
3.2565317153930664
3.2608861923217773
3.2433488368988037
3.2228400707244873
3.2648143768310547
3.2081806659698486
3.2256171703338623
3.1882424354553223
3.23966383934021
3.2008628845214844
3.255949020385742
3.18607234954834
