743.258040189743
1260.2098953723907
175.7084836959839
29.929527521133423
285.88461422920227
48.985647678375244
614.6517345905304
107.17541694641113
388.6077129840851
65.36003756523132
850.0969207286835
1465.1925308704376
252.06746554374695
896.1991646289825
175.75047063827515
188.35362672805786
29.666186809539795
179.6426022052765
34.39966821670532
189.43498349189758
41.48457217216492
192.32204151153564
29.44226908683777
215.18210101127625
32.26064419746399
31.76715922355652
402.33775329589844
62.8795747756958
556.3997678756714
99.46499943733215
788.795380115509
141.8792622089386
992.1440434455872
158.63618874549866
1204.233308315277
194.2179296016693
3.4634342193603516
6.9329447746276855
10.415601015090942
13.88126826286316
3.7279624938964844
7.508557319641113
11.46756362915039
15.3902006149292
19.320183277130127
23.302998781204224
27.199093341827393
31.08923888206482
34.845306634902954
38.64341735839844
42.40251564979553
46.20051693916321
50.0183219909668
53.818565368652344
57.607218980789185
61.4056396484375
65.18826150894165
68.98619985580444
72.7495002746582
76.5449686050415
80.32379651069641
84.11762762069702
87.87099194526672
91.66210412979126
95.42255401611328
99.21749687194824
102.97088384628296
106.76704406738281
110.56578922271729
114.35724544525146
118.1188473701477
121.91623497009277
125.70692181587219
129.51625323295593
133.27839398384094
137.08222723007202
140.85922288894653
144.65482831001282
148.41220426559448
152.20617508888245
155.98075222969055
159.77330780029297
163.5291199684143
167.34414076805115
171.11678552627563
174.96559023857117
178.6385998725891
182.31217050552368
185.9587209224701
189.70936751365662
193.45783948898315
197.26455068588257
201.01509475708008
204.80708503723145
208.57356071472168
212.36459636688232
216.12269139289856
219.93184995651245
223.6889443397522
18.766825675964355
19.539409399032593
39.10141611099243
58.77228593826294
78.34851169586182
97.90362191200256
117.47559261322021
137.02300548553467
156.65149855613708
176.21986365318298
195.83448266983032
215.42584609985352
234.98584413528442
254.53155517578125
274.10452127456665
293.634330034256
313.19726061820984
332.76254749298096
352.37420892715454
372.2306010723114
392.8509476184845
412.9026880264282
432.58394956588745
452.12376713752747
471.710116147995
491.28208088874817
510.8989825248718
530.9415357112885
550.6920170783997
570.2652385234833
589.9962902069092
609.6123070716858
629.1840980052948
648.842022895813
668.6637337207794
688.4318726062775
709.8021562099457
729.473295211792
749.2331600189209
768.932498216629
788.5555555820465
808.2246894836426
827.8771417140961
847.4854187965393
867.2322022914886
886.9059064388275
906.6577332019806
925.806254863739
945.075649023056
964.3352534770966
983.8259913921356
1003.4421787261963
1023.1041252613068
1042.746442079544
1062.4997987747192
1082.5154588222504
1102.2302317619324
1121.919764995575
1141.6503875255585
1161.3724191188812
1181.0698058605194
1200.7949666976929
1220.4804756641388
1240.2089529037476
18.805710077285767
37.654622077941895
56.49859857559204
75.37907433509827
94.20897889137268
113.07067513465881
131.97771191596985
150.91661190986633
169.79011392593384
188.6223967075348
207.4699251651764
226.2943139076233
245.14594650268555
263.9624364376068
282.85206604003906
301.734256029129
320.5801649093628
339.4409694671631
358.28018403053284
377.10773396492004
395.95356035232544
414.7876543998718
433.6641194820404
452.48739767074585
471.3078203201294
490.1607642173767
509.02106618881226
527.851850271225
546.6708862781525
565.5007195472717
584.3729343414307
603.2492632865906
622.0869371891022
640.9078087806702
659.7185955047607
678.5444068908691
697.3833215236664
716.2082343101501
735.0232043266296
753.842889547348
772.6610035896301
791.4934780597687
810.2909157276154
829.1188979148865
847.966667175293
866.851432800293
885.1102583408356
903.3596341609955
921.5426435470581
940.1109750270844
958.9559290409088
977.8431420326233
996.7157657146454
1015.5592865943909
1034.3686861991882
1053.2049317359924
1072.0907008647919
1090.9516594409943
1109.7935664653778
1128.6317601203918
1147.4589214324951
1166.332635641098
1185.2373802661896
1204.2806766033173
1223.10027384758
1242.1048369407654
1260.979290485382
1279.862578868866
1298.7186887264252
1317.569568157196
1336.3945949077606
1355.253562927246
1374.135379076004
1392.9684314727783
1411.8003997802734
1430.6364200115204
1449.4997630119324
1468.3604407310486
1487.272085905075
1506.1141374111176
1525.0090131759644
1543.8926076889038
1562.7314519882202
1581.5751328468323
1600.404513835907
1619.2486629486084
1638.0999822616577
1656.9405193328857
1675.7698192596436
1694.6225900650024
1713.4681322574615
1732.3054776191711
1751.210191488266
1770.0846319198608
1788.9675149917603
1807.8075735569
1826.7081513404846
1845.59379529953
1864.4154665470123
1883.252145767212
1902.1083347797394
1921.0239930152893
1939.8966946601868
1958.8770565986633
1977.7089676856995
1996.5956408977509
2015.463363647461
2034.3005864620209
2053.157904624939
2071.9902942180634
2090.9059743881226
2109.8385190963745
2128.688979625702
2147.7379925251007
2166.6368288993835
2185.5793647766113
2204.4394636154175
2223.283201932907
2242.0986795425415
2260.950523853302
2279.838974714279
2298.6863164901733
2317.514842271805
2336.4225149154663
2355.3389735221863
2374.1959018707275
2393.0839052200317
2411.9466280937195
2430.789781332016
2449.6275124549866
2468.458805322647
2487.3156430721283
2506.1514899730682
2525.031749486923
2543.8583047389984
2562.7044310569763
2581.5392231941223
2600.3613646030426
2619.2526972293854
2638.121656179428
2656.9659962654114
2675.8743979930878
2694.7928845882416
2713.6345703601837
2732.4716432094574
2751.77366566658
19.40112066268921
39.05882263183594
65.67624163627625
90.13125991821289
113.30199408531189
135.48430109024048
156.95443749427795
177.7057478427887
197.97943115234375
217.79269766807556
237.3443319797516
256.80603408813477
276.65674233436584
297.39233207702637
317.05189967155457
336.5966076850891
356.22145986557007
375.75251150131226
395.3370361328125
415.04375290870667
434.64565420150757
454.22181010246277
473.878121137619
493.738347530365
513.4056694507599
533.1393053531647
552.814790725708
572.2567710876465
591.8254659175873
611.5598917007446
631.217809677124
650.8553810119629
670.4594750404358
689.9269502162933
709.4628551006317
729.0071122646332
748.5635969638824
768.1337606906891
787.5789723396301
807.2001175880432
826.8431208133698
846.4739837646484
866.1640076637268
885.9102351665497
905.4057364463806
924.4049878120422
942.9426791667938
961.4612321853638
980.3348591327667
999.6980609893799
1019.3437383174896
1038.8693962097168
1058.382087469101
1078.0160067081451
1097.5963661670685
1117.3308684825897
1136.8914711475372
1156.317034482956
1175.9057149887085
1195.4592590332031
1215.0983262062073
1234.6534631252289
1254.1828966140747
1273.7133700847626
1293.3317291736603
1312.842358827591
1332.3569166660309
1351.8188004493713
1371.251501083374
1390.8432364463806
1410.4736428260803
1430.0729959011078
1449.4922139644623
1468.8923692703247
1488.4161264896393
1507.8775625228882
1527.432203054428
1546.8585186004639
1566.268869638443
1585.7508673667908
1605.3168115615845
1624.9485976696014
1644.3889963626862
1663.7953758239746
1683.1680011749268
1702.737432718277
1722.2519400119781
1741.6666312217712
1761.0886878967285
1780.5345015525818
1800.0406124591827
1819.570824623108
1838.9948270320892
1858.4079098701477
1877.8630630970001
1897.1990218162537
1916.765856742859
1936.2328963279724
1955.6158335208893
1975.0604274272919
1994.6221623420715
2014.0318155288696
2033.4606313705444
2052.9273858070374
2072.4406790733337
2091.85262966156
2111.4145169258118
2130.8977189064026
2150.3543543815613
2169.824360847473
2189.3040051460266
2208.817753791809
2228.3027930259705
2247.739925146103
2267.211461544037
2286.6812133789062
2306.1237332820892
2326.2035834789276
2347.8851923942566
2368.8607420921326
2389.4015607833862
2409.3969151973724
2429.020758628845
2448.521661758423
2468.000588655472
2487.4551181793213
2506.928825378418
2526.3842334747314
2545.8113210201263
2565.2327950000763
2584.6553840637207
2604.1178727149963
2624.7518067359924
2644.8412725925446
2664.4423310756683
2683.778453350067
2703.208752155304
2722.6492149829865
2742.107347726822
2763.0488471984863
2783.9321315288544
2804.2752482891083
2824.237830400467
2843.663804769516
2863.123349905014
2882.59827542305
2902.1020197868347
2921.562673330307
2941.422802209854
2960.9418416023254
2980.594979763031
3000.0928394794464
3019.510676383972
3038.934685230255
3058.385446548462
3077.7631673812866
3097.3923172950745
3116.8413870334625
3136.2869203090668
3155.714205980301
3175.0492634773254
3194.4976263046265
3213.982491016388
3233.4855172634125
3252.8656120300293
3272.3203473091125
3291.796513080597
3311.235853910446
3330.600836992264
3350.0165498256683
3369.475971698761
3388.9335556030273
3408.3174953460693
3427.7010929584503
3447.2241315841675
3466.7158744335175
3486.1488749980927
3505.56618142128
3525.0174901485443
3544.6435983181
3564.1246151924133
3583.5746443271637
3603.1621272563934
3622.5894927978516
3642.0427827835083
3661.519555091858
3680.964958190918
3700.4867622852325
3720.0023562908173
3739.725576877594
3759.1785621643066
3778.641258239746
3798.1034564971924
3817.5479576587677
3837.1815695762634
3856.565628528595
3875.954236268997
3896.507038116455
3917.096209049225
3936.5568668842316
3956.011696100235
3975.430931329727
3994.9097335338593
4014.41290473938
4033.795434951782
4053.3597140312195
4072.770077228546
4092.1687586307526
4111.660417795181
4131.101877450943
4150.446835041046
4169.835067987442
4189.211128234863
4208.04324555397
4226.345970869064
4244.616041898727
4263.290507316589
4282.392883777618
4301.734642028809
4321.106637001038
4340.460060834885
4359.900245189667
4379.467815876007
4398.857614278793
4418.253800392151
4437.727783441544
4457.288786888123
4476.740169286728
4496.225786685944
4515.686229705811
4535.213986873627
4554.704168081284
4574.17248749733
4593.61611533165
4613.141400814056
4632.560726642609
4652.015784502029
4671.499547719955
4690.968560218811
4710.347603082657
4729.933426618576
4749.386754512787
4768.788728237152
4788.15176153183
4807.645088672638
4827.132495880127
4846.569249391556
4865.958267211914
4885.401387214661
4904.792744874954
4924.310978889465
4943.67431640625
4963.075755119324
4982.451962709427
5001.771733522415
5021.260020494461
5040.737021446228
5060.2698366642
5079.731323719025
5099.142494916916
5118.550879716873
5137.999735116959
5157.362591266632
5176.738919734955
5196.072503328323
5215.482734918594
5234.967368841171
5254.3692278862
5273.779208183289
5293.2599012851715
5312.5967054367065
5332.069340229034
5351.639922618866
5371.08255314827
5390.593598842621
5410.0381295681
5429.423189878464
5448.868044614792
5468.414108991623
5487.808358430862
5507.179712533951
5526.648121356964
5546.217288732529
5565.647441148758
5585.223093748093
5604.754578590393
5624.23651432991
5643.654131650925
5663.024211883545
5682.428407669067
5702.088076591492
5721.491377592087
5741.043358325958
5760.692414522171
5780.082378387451
5799.537686109543
5819.022498130798
5838.380553483963
5857.77014708519
5877.165713787079
5896.569508075714
5915.949289321899
5935.389739513397
5954.758835315704
5974.212487697601
5993.660678386688
6013.143337726593
6032.552825450897
6052.043011188507
6071.395116567612
6090.881909132004
6110.366979122162
6129.724243402481
6149.153372526169
6168.548756361008
6187.965926885605
6207.468901872635
6226.983124732971
6246.505355358124
6265.918673753738
6285.279232501984
6304.722163915634
6324.21914935112
6343.646655321121
6363.165967941284
6382.578261852264
6402.05456829071
6421.460355997086
6440.925649404526
6460.299052238464
6479.664317369461
6499.070776224136
6518.495819568634
6537.928921699524
6557.422525882721
6576.851925849915
6596.208527088165
6615.59880399704
6634.936485052109
6654.308657407761
6673.7483694553375
6693.123255968094
6712.506021261215
6731.962340116501
6751.315059185028
6770.723282337189
6790.077973365784
6809.43633723259
6828.807243108749
6848.1986627578735
6867.522477865219
6886.886269569397
6906.334921598434
6925.741683721542
6945.128395318985
6964.527472019196
6983.923455476761
7003.2902998924255
7022.722417831421
7042.207232713699
7061.665785074234
7081.158822774887
7100.505121469498
7119.88861656189
7139.241975069046
7158.59387421608
7177.93670463562
7197.2766654491425
7216.680333137512
7236.06916642189
7255.4168610572815
7274.8041932582855
7294.069176673889
7313.472485542297
7332.86868262291
7352.227801084518
7371.671614408493
7391.122090101242
7410.483063220978
7429.8632752895355
7449.250475168228
7468.069299697876
7487.474903821945
7505.796715974808
7524.770667314529
7543.881987571716
7563.357752084732
7583.367513895035
7603.3208339214325
7622.725897550583
7642.143364429474
7661.561370134354
7680.995762586594
7700.4094660282135
7719.852979660034
7739.286220788956
7758.703584194183
7784.882648944855
7809.5471913814545
7832.715150117874
7855.0311913490295
7876.534983158112
7897.411810159683
7917.698974609375
7937.5688536167145
7957.001336574554
7976.406547546387
7995.819063663483
8015.194795370102
8034.658513307571
8054.17072057724
8073.62628865242
8093.097685337067
8112.4813067913055
8131.835088253021
8151.253041505814
8170.697164773941
8190.039343118668
8209.361038208008
8228.679566860199
8248.070774316788
8267.496372938156
8286.995107412338
8306.286532878876
8325.695670127869
8345.051800012589
8364.511636734009
8384.072376966476
8403.594416618347
8423.205004930496
8442.904093265533
8462.301102399826
8481.72196483612
8501.073009729385
8521.962497472763
8541.565536499023
8561.224367380142
8580.603388786316
8600.08056807518
8619.430197954178
8638.865872621536
8658.213166236877
8677.654639959335
8697.285343408585
8716.680791139603
8736.061042308807
8755.476836681366
8775.026928901672
8794.454993247986
8813.9590985775
8833.627343893051
8853.049025058746
8872.59895825386
8892.359035253525
8911.844481945038
8931.235288143158
8950.658663272858
8970.043102025986
8989.434466838837
9008.855566263199
9028.226052045822
9047.706686258316
9067.459553718567
9086.990426540375
9106.419838190079
9125.84160041809
9145.231590747833
9164.646720647812
9184.121638298035
9203.507766246796
9222.946515083313
9242.363685369492
9261.752589941025
9281.074129581451
9300.467139005661
9319.811436414719
9339.294194936752
9358.666408061981
9378.053065776825
9397.381546735764
9416.738866090775
9436.184959888458
9455.596987724304
9475.038199186325
9494.597249984741
9513.948522090912
9533.432006120682
9552.903417110443
9572.332678556442
9591.864722967148
9611.224309682846
9630.779001235962
9650.236392498016
9669.74917435646
9689.246430635452
9708.640199184418
9728.019297838211
9747.393421888351
9766.836374521255
9786.187855482101
18.690646171569824
37.434823751449585
56.21909189224243
75.01348805427551
93.81877946853638
112.67725729942322
131.56261467933655
150.4256625175476
169.27797508239746
189.93057465553284
208.7440629005432
227.754478931427
246.62754797935486
265.49456453323364
284.3032717704773
303.1395831108093
321.94342613220215
340.7730152606964
359.55137753486633
378.3844792842865
397.1541850566864
415.9950227737427
434.75295066833496
453.5526530742645
472.3427381515503
491.180424451828
509.96857619285583
528.7809069156647
547.5679750442505
566.3876090049744
585.2262992858887
604.0604960918427
622.8814508914948
641.6893975734711
660.4681775569916
679.2888243198395
698.0765652656555
716.9363288879395
735.7634952068329
754.6250140666962
773.4632539749146
792.2724370956421
811.0792167186737
829.9150531291962
848.7649483680725
867.6062586307526
885.882482290268
904.1781919002533
922.3811812400818
940.9571969509125
959.7446930408478
978.6095960140228
997.4149177074432
1016.267733335495
1035.0343041419983
1053.85001039505
1072.657966852188
1091.4977958202362
1110.2958283424377
1129.101509809494
1147.9230959415436
1166.756465435028
1185.5511376857758
1204.3493013381958
1223.1565732955933
1242.0174405574799
1260.8000111579895
1279.632930278778
1298.4214272499084
1317.3028018474579
1336.1828610897064
1355.0719435214996
1373.8951251506805
1392.7434425354004
1411.5355138778687
1430.3575904369354
1449.175901889801
1468.0160489082336
1486.7948954105377
1505.6078131198883
1524.436865568161
1543.2761194705963
1562.16868185997
1581.2216231822968
1600.1596801280975
1619.0497810840607
1638.3195173740387
1657.1792433261871
1676.0042955875397
1694.9393491744995
1713.8281829357147
1732.70419383049
1751.5893886089325
1770.4779741764069
1789.3110568523407
1808.1509590148926
1826.9680514335632
1845.794574022293
1864.6076531410217
1883.463530778885
1902.2515099048615
1921.1307485103607
1939.9632964134216
1958.8063352108002
1977.6197493076324
1996.4461834430695
2015.2447650432587
2034.0706646442413
2053.017219543457
2071.9172303676605
2090.716876268387
2109.5480420589447
2128.346953392029
2147.1993486881256
2166.0024633407593
2184.8447530269623
2203.6253509521484
2222.464597940445
2241.243722677231
2260.040556192398
2278.817568540573
2297.637084007263
2316.4001393318176
2335.206503391266
2354.014185667038
2372.81365776062
2391.595862388611
2410.4262595176697
2429.229828119278
2448.043075799942
2466.828823328018
2485.6644246578217
2504.4451966285706
2523.2848942279816
2542.099725008011
2560.903295516968
2579.659408092499
2598.468906402588
2617.2122378349304
2636.1124184131622
2654.930307865143
2673.74534034729
2692.6233916282654
2711.4464654922485
2730.2498304843903
2749.052253961563
2767.873345375061
2786.6936802864075
2805.4914965629578
2824.3765692710876
2843.1931686401367
2862.024348974228
2880.856938123703
2899.7142305374146
2918.512587785721
2937.366689682007
2956.1868183612823
2975.037836074829
2993.9031732082367
3012.869225025177
3031.7075021266937
3050.549822330475
3069.3622610569
3088.3279206752777
3107.1503796577454
3126.0581657886505
3144.8819959163666
3163.7099092006683
3182.542254924774
3201.3589794635773
3220.156724691391
3238.987354040146
3257.8018460273743
3276.6646859645844
3295.4807748794556
3314.3273985385895
3333.146588563919
3351.985419988632
3370.8260333538055
3389.6539278030396
3408.4514107704163
3427.314451932907
3446.1182775497437
3465.0574474334717
3483.858442544937
3502.711450815201
3521.623950242996
3540.5014865398407
3559.312373638153
3578.153293609619
3596.947197198868
3615.7886555194855
3634.56307888031
3653.3934864997864
3672.1924574375153
3691.012634038925
3709.8052473068237
3728.730587720871
3747.5564250946045
3766.3864817619324
3786.264521598816
3805.109410047531
3823.9010071754456
3842.9762053489685
3861.790770292282
3880.631271123886
3899.4502205848694
3918.2774608135223
3937.0619020462036
3955.851361989975
3974.6646044254303
3993.505050420761
4012.2985389232635
4031.181243658066
4049.47026181221
4067.768965959549
4085.9830627441406
4104.5825827121735
4123.386099100113
4142.209809541702
4160.978779554367
4179.851441860199
4198.634097576141
4217.500728130341
4236.29944896698
4255.116844415665
4273.9160096645355
4293.129679679871
4315.639301776886
4337.206658601761
4358.027077436447
4378.288831233978
4397.999294996262
4417.317295074463
4436.177503347397
4455.004228115082
4473.808165073395
4492.64385676384
4511.464368581772
4530.324349403381
4549.144366979599
4568.015711069107
4586.828350543976
4605.670730352402
4624.526772022247
4643.379653215408
4662.203679323196
4681.060230970383
4699.924872875214
4718.781751394272
4737.624647855759
4756.50128698349
4775.287321090698
4794.105432510376
4812.946275234222
4832.199610710144
4851.299983739853
4870.235725641251
4889.0501980781555
4908.585463523865
4927.988594293594
4946.953129529953
4965.751002550125
4984.596091508865
5003.407165527344
5022.312574148178
5041.225378513336
5060.143110275269
5079.022912740707
5097.878392934799
5116.738505601883
5135.563847780228
5154.365003585815
5173.248771190643
5192.1379227638245
5211.014022350311
5229.884166240692
5248.750515460968
5267.876916885376
5286.782289266586
5305.640005350113
5324.493378162384
5343.346297264099
5362.2274849414825
5381.034048318863
5399.918388843536
5418.833514451981
5437.741317033768
5456.596210718155
5475.444214582443
5494.507997751236
5513.576246738434
5532.420564651489
5551.3031504154205
5570.12030005455
5588.974628686905
5607.824981927872
5626.931876182556
5645.93394780159
5664.89276432991
5683.826312303543
5702.7260999679565
5721.542984485626
5740.5888929367065
5759.605278253555
5778.616970777512
5797.58291888237
5816.6175146102905
5835.6003313064575
5854.612446069717
5873.6058304309845
5892.635767698288
5911.615376472473
5930.646366596222
5949.881217956543
5969.039584875107
5987.987500429153
6006.985271453857
6025.996603727341
6044.984360456467
6063.956685066223
6082.965190172195
6101.929787158966
6120.982870578766
6139.807081222534
6158.700042724609
6177.558268547058
6196.415325641632
6215.238175153732
6234.092056751251
6252.971347332001
6271.838317632675
6290.686365842819
6309.548204421997
6328.362867832184
6347.207345962524
6366.014036893845
6384.890208482742
6403.716052055359
6422.571090221405
6441.374517440796
6460.245540142059
6479.04908323288
6497.912375926971
6516.730111837387
6535.582746267319
6554.396535158157
6573.1862025260925
6591.975316286087
6610.820662021637
6629.618262529373
6648.437556505203
6667.191579341888
6685.999716997147
6704.764253854752
6723.6027998924255
6742.421972036362
6761.235414981842
6780.04509139061
6798.879551649094
6817.642767429352
6836.466839551926
6855.250913619995
6874.065550804138
6892.845577478409
6911.649137020111
6930.451378822327
6949.280616521835
6968.133644104004
6986.9768187999725
7005.80549120903
7024.682373762131
7043.492357969284
7062.292258501053
7081.0769901275635
7099.901321649551
7118.690151453018
7137.504821538925
7156.279730558395
7175.102890968323
7193.893385887146
7212.781825304031
7231.0399005413055
7249.323618412018
7267.529480934143
7286.102208852768
7304.902088165283
7323.751142501831
7342.589931964874
7361.39340877533
7381.330758094788
7400.1518495082855
7418.948038339615
7438.039338350296
7456.885232210159
7475.708223819733
7494.4866502285
7513.312350273132
7532.114275217056
7550.914081096649
7569.729801654816
7588.593634128571
7607.401583194733
7626.256591081619
7645.0554459095
7663.903442144394
7682.68358874321
7701.548432588577
7720.368410587311
7739.211560487747
7757.997689008713
7776.9963138103485
7795.869179964066
7814.770079612732
7833.583968877792
7852.422611236572
7871.277856826782
7890.998209476471
7913.386840581894
7934.913432836533
7955.7151510715485
7975.942124843597
7995.898818254471
8015.412718057632
8034.343178033829
8053.264667034149
8072.102070569992
8090.943187236786
8109.78026843071
8128.629000425339
8147.516737699509
8166.35101890564
8185.191673278809
8204.221122980118
8223.160592079163
8242.102709054947
8260.93264245987
8279.83305644989
8298.681867599487
8317.51604938507
8336.334508180618
8355.183919429779
8373.986157894135
8392.851864099503
8411.689934253693
8430.653318881989
8449.541395664215
8468.417216062546
8487.331246376038
8506.183637142181
8525.042533636093
8543.927883386612
8562.743668079376
8581.655193567276
8600.4781062603
8619.310385227203
8638.112309932709
8657.006167173386
8675.974863767624
8694.808553934097
8713.631777048111
8732.485462665558
8751.297144889832
8770.14070057869
8788.9823076725
8807.836997270584
8826.711402893066
8845.596220731735
8864.437857627869
8883.305929660797
8902.135724067688
8921.169608831406
8940.076088905334
8958.955019950867
8977.779344558716
8996.648705482483
9015.50079035759
9034.454723119736
9053.391103029251
9072.226266145706
9091.04792881012
9109.914571523666
9128.783133268356
9147.820440769196
9166.641929864883
9185.498970270157
9204.32221698761
9223.344999551773
9242.266864061356
9261.131736040115
9279.965640068054
9298.813139915466
9317.911045074463
9337.12901210785
9356.013056993484
9374.90866279602
9393.754778146744
9412.62443971634
9431.66756439209
9450.54680466652
9469.390752792358
9488.279085874557
9507.118012189865
9525.985143899918
9544.830662488937
9563.70232129097
9582.564977169037
9601.42947602272
9620.318778514862
9639.19111943245
9658.017070531845
9676.877091884613
9695.731180906296
9714.665034770966
9733.50365638733
9752.315652370453
9771.279664754868
9790.146067142487
9809.050410270691
9827.904890060425
9846.867208242416
9865.887099027634
9885.008212089539
9903.875905036926
9922.91062784195
9941.766429662704
9960.648538589478
9979.574054479599
9998.542574882507
10017.446311235428
10036.360029459
10055.303159236908
10074.265679836273
10093.260284423828
10112.217836856842
10131.2806391716
10150.138273715973
10169.075092792511
10188.829647302628
10208.453057289124
10227.617087364197
10246.873775959015
10265.766921043396
10284.850499391556
10303.692517280579
10322.60370016098
10341.449499845505
10360.321862459183
10379.18362045288
10398.365748167038
10417.034865617752
10435.457289934158
10453.931353092194
10472.807009220123
10491.914967298508
10511.088713407516
10530.14589715004
10549.238010168076
10568.339121818542
10587.418040275574
10606.45829629898
10625.577766418457
10644.643585205078
10663.741912841797
10682.779235601425
10701.865079164505
10720.928615093231
10740.018456220627
10759.071370124817
10778.21459722519
10797.28776884079
10816.347809791565
10835.424456596375
10854.491117715836
10873.57146692276
10892.633509159088
10911.722154140472
10930.846976995468
10949.93719625473
10968.973464012146
10989.985496044159
11009.033169984818
11028.322976589203
11047.492861032486
11066.619809627533
11085.722797870636
11105.077640295029
11124.425659418106
11143.507471084595
11162.546471834183
11181.710528373718
11201.766456365585
11222.76108288765
11243.054290056229
11262.976836919785
11282.336441516876
11301.464530467987
11320.493227481842
11339.57338809967
11358.643521308899
11377.942086219788
11397.038689136505
11416.179334878922
11435.253680229187
11454.338269233704
11473.395064353943
11492.488419532776
11511.56790804863
11530.716987371445
11549.794203996658
11568.852005243301
11592.492559194565
11617.707042694092
11641.132448673248
11663.487009763718
11684.963744163513
11705.841455698013
11726.104954004288
11745.914786577225
11765.24752831459
11784.339708328247
11803.430751085281
11822.53979587555
11841.7043030262
11860.774639844894
11879.837384223938
11898.91243982315
11917.969353437424
11937.003174304962
11956.096372365952
11975.106405973434
11994.179337739944
12013.261950016022
12032.335188150406
12051.373299837112
12070.430633306503
12089.481258630753
12108.52593922615
12127.642252922058
12146.678953886032
12165.798427581787
12184.952268600464
12204.021995306015
12223.090758800507
12242.172392368317
12261.25335264206
12280.344613075256
12299.699573278427
12318.870218753815
12337.932775735855
12357.078072547913
12376.172516822815
12395.833837509155
12415.340459108353
12434.443671703339
12453.505061388016
12472.624940872192
12491.749228715897
12511.041796207428
12530.676519870758
12549.919167041779
12568.985002756119
12588.078677415848
12607.31818985939
12626.59396982193
12645.749906301498
12664.959903240204
12684.207076311111
12703.402795314789
12722.777633428574
12741.975770711899
12761.216843366623
12780.307832479477
12799.441480636597
12818.57146525383
12837.874432086945
12857.172928333282
12876.320123672485
12895.404619932175
12914.533554553986
12933.689978837967
12952.806872367859
12971.913221120834
12991.103665828705
13010.397715091705
13029.723588943481
13048.825018644333
13067.966191530228
13087.057559251785
13106.198085308075
13125.341769218445
13144.4631690979
13163.580795049667
13182.715749502182
13201.762502193451
13220.938329219818
13240.05042052269
13259.132927417755
13278.29310464859
13297.4364528656
13316.521207332611
13335.637371063232
13354.790134906769
13374.01541519165
13393.166872739792
13412.348891019821
13431.53162407875
13450.731395721436
13469.855494499207
13489.027823209763
13508.111490011215
13527.274714946747
13546.52354669571
13565.681666135788
13584.812643766403
13603.944305181503
13623.157002210617
13642.325059175491
13660.805447816849
13679.252947330475
13697.616220712662
13716.290683031082
13735.207679271698
13754.119807958603
13773.078805446625
13792.068187475204
13810.904179811478
13829.890682697296
13848.842406988144
13867.780097484589
13886.82210111618
13905.75463104248
13924.77961063385
13943.722344398499
13962.833308458328
13982.16597366333
14001.122616767883
14019.96374630928
14038.78974890709
14057.760041236877
14076.675003767014
14095.584603071213
14114.446395874023
14133.338003396988
14152.196470737457
14171.221195459366
14190.2564702034
14209.230512142181
14228.243965625763
14247.202482700348
14266.149945020676
14285.191801309586
14304.11626791954
14323.026136636734
14342.053683280945
14361.038214683533
14379.987355232239
14398.894080162048
14417.850396871567
14436.801387548447
14455.919004678726
14475.030319213867
14493.788865566254
14512.786797761917
14531.80955004692
14550.865885972977
14569.757585287094
14589.786844968796
14608.615363121033
14627.468111276627
14646.559085607529
14665.561539888382
14684.404807806015
14703.333657979965
14722.235618114471
14741.072042942047
14759.919161319733
14778.810508966446
14797.725141048431
14816.600939035416
14835.50047659874
14854.423066139221
14873.273476839066
14892.274525642395
14911.11823964119
14929.983453989029
14948.992193937302
14968.026802301407
14987.023927211761
15005.865458011627
15024.71093249321
15043.640897989273
15062.545933246613
15081.478855848312
15100.396374464035
15119.393016338348
15138.260707616806
15157.116451501846
15176.089529514313
15194.969323158264
15213.79597067833
15232.787074565887
15251.666542768478
15270.507777452469
15289.41602897644
15308.244393110275
15327.056518554688
15345.889954090118
15364.726102352142
15383.621262550354
15402.433585882187
15421.440961360931
15440.288982391357
15459.118433952332
15477.959797620773
15496.831417560577
15515.877373933792
15534.836477279663
15553.680106401443
15572.619787216187
15591.654718399048
15610.525623321533
15629.34564447403
15648.324570655823
15667.241575479507
15686.088843345642
15704.920059919357
15723.878701210022
15742.858425855637
15761.752415180206
15780.660316228867
15799.530856370926
15818.373019456863
15837.21111702919
15856.117614507675
15875.241437911987
15894.184901237488
15913.041854858398
15932.093834877014
15950.963200330734
15969.895997285843
15988.764027833939
16007.561987400055
16026.41812467575
16045.226284742355
16064.032343149185
16082.9659948349
16101.928918361664
16120.837397813797
16139.667245388031
16158.813989162445
16177.699903011322
16196.634039878845
16215.52790260315
16234.33909535408
16253.195358991623
16272.009184837341
16290.878740787506
16309.798278570175
16328.763866901398
16347.645869731903
16366.484644412994
16385.30210494995
16404.173736333847
16422.956075429916
16441.989856004715
16460.847666502
16479.713339567184
16498.49737048149
16517.32540154457
16536.13532614708
16555.110332489014
16574.131466150284
16593.086604118347
16611.870065927505
16630.732759714127
16649.637703180313
16668.555284261703
16687.412947177887
16706.278109788895
16725.186002016068
16744.138535261154
16763.0044195652
16781.847881793976
16800.77538728714
16819.68440771103
16838.02686905861
16856.4242041111
16874.692622423172
16893.272281885147
16912.09760069847
16930.98628425598
16949.808866262436
16968.698346138
16987.52155637741
17006.385825395584
17025.198914527893
17044.066168546677
17063.03341817856
17082.092257976532
17100.956632852554
17119.89682984352
17138.74735379219
17157.633847236633
17176.492923498154
17195.362164258957
17214.24342417717
17233.118181228638
17252.059736013412
17270.90889286995
17289.840819597244
17308.667750597
17327.532033920288
17346.395443677902
17365.203122854233
17384.02478122711
17402.82159304619
17421.756477832794
17440.652832746506
17459.741505146027
17478.731419801712
17497.620588302612
17516.59283542633
17535.64419054985
17554.4814786911
17573.34077334404
17592.26613330841
17611.149028778076
17629.962282180786
17648.8195707798
17667.611740112305
17686.543707609177
17705.369235515594
17724.205155849457
17743.022681474686
17761.899271965027
17780.758692502975
17799.614454746246
17818.63920688629
17837.515868902206
17856.429624795914
17875.317633390427
17894.161031246185
17913.031250715256
17931.86051106453
17950.740143299103
17969.563907146454
17988.493721485138
18007.406252622604
18026.451686620712
18046.394665956497
