2 0 10 0 6 0 0 8 4 17 0 9 1 1 0 0 0 0 2 0 1 4 0 1 0 0 0 3 0 1 0 0 0 18 2 0 0 0 59 0 2 11 17 0 0 1 0 0 0 2929
0 1 21 0 10 0 0 9 1 24 3 3 2 0 0 0 0 0 0 0 0 4 0 0 0 0 0 10 0 7 0 0 7 29 5 0 3 1 41 1 8 1 13 0 6 1 0 4 0 2850
3 0 12 0 5 0 1 5 0 18 2 7 1 0 0 0 0 0 0 0 0 4 1 0 0 0 1 32 0 11 0 0 11 26 7 0 0 0 37 6 2 2 11 0 3 1 0 9 0 2809
2 2 13 0 4 0 0 3 1 18 0 2 3 0 0 0 0 1 0 0 0 5 0 0 0 0 0 45 0 11 0 1 10 37 3 2 0 0 38 6 1 3 16 0 3 0 1 8 0 2779
3 0 13 1 1 0 1 2 0 16 0 3 9 0 0 0 0 1 0 0 0 8 1 0 0 0 0 39 1 13 0 0 10 29 5 2 0 0 43 4 6 5 9 0 0 0 1 17 1 2834
1 0 15 0 1 0 0 3 0 25 0 6 4 0 0 0 0 0 0 0 0 4 0 0 0 0 0 36 0 16 1 1 10 38 6 2 0 0 44 11 2 2 11 0 3 0 0 3 1 2761
4 0 14 0 1 0 2 0 0 15 0 7 1 0 0 0 0 0 0 0 0 3 0 1 0 0 0 40 0 14 1 0 15 32 2 4 0 0 51 13 2 3 7 0 1 0 4 8 1 2834
5 0 21 0 1 0 1 1 0 7 1 2 2 0 0 0 0 0 0 0 0 3 0 0 0 0 1 45 2 12 0 0 11 33 2 1 0 0 56 7 4 3 13 0 0 0 3 11 0 2687
3 0 20 0 4 0 2 2 0 12 2 5 5 0 0 0 0 0 0 0 0 1 1 1 0 0 0 24 3 16 0 0 5 46 6 1 0 0 58 9 2 3 7 0 1 0 0 5 0 2681
12 0 15 0 5 0 0 2 0 6 0 10 7 0 2 2 65 2 7 0 2 0 0 0 20 0 4 26 0 8 7 0 3 39 2 2 0 0 48 5 1 1 8 3 4 0 2 7 0 3047
9 0 18 0 3 2 0 7 1 5 0 7 5 0 1 3 26 0 1 0 0 3 1 0 14 0 9 27 6 7 4 0 3 34 3 1 0 0 68 4 0 2 6 1 0 0 2 9 0 3181
6 0 20 0 9 0 0 1 0 5 0 14 0 0 7 5 93 1 1 0 0 1 0 0 32 0 6 24 3 21 8 0 3 42 2 3 0 0 54 4 0 2 11 17 0 0 0 5 0 2961
0 0 4 0 1 1 2 6 0 22 0 7 1 0 0 5 0 4 0 0 0 1 0 0 0 0 6 26 0 8 3 0 17 4 9 1 0 0 32 4 3 3 13 0 9 0 3 10 0 3217
0 0 9 0 1 0 2 2 0 26 0 9 0 0 0 3 0 1 0 0 0 1 0 0 0 0 7 32 1 12 8 0 24 12 5 2 0 0 29 4 2 1 10 0 8 0 3 2 0 3134
0 0 0 0 0 0 2 0 0 30 0 7 0 0 0 0 0 1 0 0 0 1 0 0 0 0 0 0 0 0 0 0 1 0 0 2 0 0 41 0 2 6 16 0 23 0 0 0 2 3065
0 0 7 0 0 0 1 0 0 30 0 9 0 0 1 1 0 3 0 0 0 1 0 0 0 0 0 0 0 0 0 0 2 0 0 0 0 0 33 0 0 1 24 0 13 0 0 1 0 2848
0 0 10 0 0 0 0 0 0 5 0 1 0 0 0 0 0 0 0 0 0 0 0 0 0 0 0 0 0 0 0 1 2 0 2 0 0 0 66 0 3 11 13 0 14 0 0 0 1 2755
0 0 7 0 0 0 0 0 0 5 1 4 0 0 0 0 0 0 0 0 0 1 0 0 0 0 0 0 0 0 0 0 0 0 1 0 0 0 80 0 3 9 5 0 14 0 0 0 0 2874
0 0 7 0 0 0 0 0 0 1 0 2 0 0 0 0 0 0 0 0 0 0 0 0 0 0 0 0 0 0 0 2 0 0 1 2 0 0 80 0 4 9 8 0 10 0 0 0 1 2810
0 0 14 0 0 0 0 0 0 3 0 1 0 0 0 0 0 0 0 0 0 1 0 0 0 0 0 0 0 0 0 1 0 1 1 1 0 0 68 0 3 5 13 0 3 0 0 0 0 2913
0 0 2 0 0 0 0 0 0 23 0 1 0 0 0 0 0 0 0 0 0 2 0 0 0 0 0 0 0 0 0 0 1 0 0 0 0 0 32 0 1 5 16 0 18 0 0 0 0 2824
0 0 2 0 0 0 0 0 0 12 1 1 0 0 0 0 0 0 0 0 0 1 0 0 0 0 0 0 0 0 0 0 4 0 1 1 0 0 52 0 1 4 12 0 37 0 1 0 0 2936
0 1 0 0 0 0 0 0 0 25 0 4 0 0 0 0 0 0 0 0 0 0 1 0 0 0 0 0 0 0 0 0 0 0 0 0 0 1 29 0 1 9 20 0 8 0 0 0 0 2959
0 0 4 0 0 0 0 0 0 9 0 2 0 0 0 0 0 0 0 0 0 1 0 0 0 0 0 0 0 0 0 0 1 0 2 1 0 0 46 0 2 7 16 0 8 0 0 0 0 3038
0 0 0 0 0 0 2 0 0 23 0 2 0 0 0 0 0 0 0 0 0 2 1 0 0 0 0 0 0 0 0 1 3 0 2 0 0 0 28 0 1 9 14 0 25 0 0 0 0 2967
0 0 9 0 0 0 0 0 0 3 0 5 0 0 0 0 0 0 0 0 0 0 0 0 0 0 0 0 0 0 0 1 0 1 1 0 0 0 79 0 4 5 6 0 10 0 0 0 1 2871
0 0 4 0 0 0 1 0 0 10 0 6 0 0 0 0 0 0 0 0 0 0 0 0 0 0 0 0 0 0 0 0 0 0 1 0 0 0 79 0 1 4 5 0 13 0 0 0 0 2791
0 0 6 0 0 0 0 0 0 3 0 2 0 0 0 0 0 0 0 0 0 2 0 0 0 0 0 0 0 0 0 0 0 0 1 1 0 0 73 0 1 4 5 0 17 0 0 1 0 2931
0 0 5 0 0 0 0 0 0 10 0 7 0 0 0 0 0 0 0 0 0 1 0 0 0 0 0 0 0 0 0 0 0 0 0 0 0 0 59 0 3 4 3 0 19 0 0 0 0 2915
0 0 2 0 0 0 0 0 0 9 0 3 0 0 0 0 0 0 0 0 0 2 0 0 0 0 0 0 0 0 0 0 0 1 0 0 0 0 80 0 1 0 5 0 16 0 0 0 0 2990
0 0 2 0 0 0 0 0 0 7 0 4 0 0 0 0 0 0 0 0 0 2 0 0 0 0 0 0 0 0 0 0 0 0 0 0 0 0 55 0 0 6 13 0 17 0 0 0 0 2830
0 1 8 0 0 0 6 0 0 9 0 5 0 0 0 0 0 0 0 0 0 5 0 0 0 0 4 2 1 0 0 0 13 2 31 1 0 0 53 1 0 2 5 0 22 0 0 2 1 2762
0 0 0 0 0 0 0 0 0 7 0 1 0 0 0 0 0 0 0 0 0 2 0 0 0 0 0 0 0 0 0 0 0 1 1 1 0 0 68 0 2 4 12 0 13 0 0 0 0 2957
0 0 4 0 0 0 0 0 0 3 0 7 0 0 0 0 0 0 0 0 0 2 0 0 0 0 0 0 0 0 0 2 0 1 3 1 0 0 90 0 2 18 13 0 4 0 0 0 0 2937
0 0 5 0 2 0 1 0 0 6 0 5 0 0 0 0 0 0 0 0 0 2 0 0 0 0 0 0 0 0 0 1 0 0 1 0 0 1 108 0 0 14 9 0 8 0 0 0 0 3048
0 0 4 0 0 0 0 0 0 4 0 9 0 0 0 0 0 0 0 0 0 4 0 0 0 0 0 0 0 0 0 0 10 1 1 1 0 0 73 0 1 15 6 0 25 0 0 0 2 2892
0 1 3 0 1 0 0 0 0 9 0 5 0 0 0 0 0 0 0 1 0 5 0 0 0 0 0 0 0 0 0 1 9 0 9 0 0 0 83 0 1 20 10 0 6 0 0 0 1 2923
0 0 3 0 0 0 0 0 0 16 0 18 0 0 1 0 0 1 0 0 0 6 0 0 0 0 0 0 0 0 0 0 1 1 0 0 0 0 56 0 1 16 11 0 9 0 0 0 0 2855
0 1 7 0 1 0 0 0 0 7 0 7 0 0 0 0 0 0 0 0 0 5 0 0 0 0 0 0 0 0 0 0 1 0 2 1 0 0 72 0 0 20 9 0 16 0 0 0 0 2859
0 0 6 0 0 0 3 0 0 9 0 5 0 0 0 0 0 0 0 0 0 0 0 0 0 0 0 0 0 0 0 0 3 1 1 1 0 0 73 0 0 16 11 0 7 0 0 0 0 3053
0 2 10 3 3 0 0 0 0 28 0 15 0 2 0 2 0 2 0 1 0 3 0 0 0 0 0 0 0 0 0 0 5 3 10 4 0 0 73 0 2 9 31 0 9 1 0 0 0 2819
0 0 2 0 1 0 3 0 0 52 0 17 0 0 0 0 0 0 0 1 0 4 0 0 0 0 0 0 0 0 0 0 0 3 2 0 0 0 45 0 0 17 10 0 5 0 0 0 0 2833
0 1 1 0 0 0 6 0 0 33 0 13 0 0 0 0 0 0 0 0 0 4 0 0 0 0 0 0 0 0 0 0 2 0 3 1 0 0 59 0 0 18 13 0 45 0 0 0 0 2697
0 1 6 0 2 0 1 1 0 25 0 8 0 2 0 0 0 0 0 1 0 5 0 0 0 3 0 0 0 0 0 2 1 1 1 0 0 0 79 0 0 37 9 0 6 2 0 0 2 2771
0 1 1 0 0 0 0 0 0 39 0 3 0 1 0 0 0 0 0 0 0 2 0 0 0 0 0 0 0 0 0 0 2 0 0 1 1 0 41 0 1 27 22 0 22 0 0 0 2 2791
0 1 0 0 0 0 0 3 0 55 0 3 0 0 0 0 0 0 0 0 0 3 0 0 0 0 0 0 0 0 0 0 0 0 2 1 0 0 24 0 0 12 26 0 16 0 0 0 0 2882
0 5 0 0 0 0 4 0 0 35 0 14 0 9 0 0 0 0 0 0 0 10 0 1 0 0 0 0 0 0 0 0 1 0 15 4 0 4 42 0 0 19 31 0 21 0 0 0 0 2759
0 0 1 0 0 0 0 0 0 8 0 3 0 0 0 0 0 1 0 0 0 2 0 0 0 0 0 0 0 0 0 0 8 0 1 0 0 0 69 0 7 8 6 0 9 0 0 0 2 3003
0 0 5 0 0 0 0 0 0 26 0 8 0 1 0 0 0 0 0 1 0 4 0 1 0 0 0 0 0 0 0 1 0 0 4 1 0 0 59 0 5 5 28 0 4 4 2 1 0 3001
0 0 7 1 0 0 0 0 0 11 0 7 0 0 0 0 0 3 0 0 0 0 0 0 0 0 0 0 0 0 0 2 49 1 33 2 0 0 61 0 6 9 36 0 7 5 1 0 2 2844
0 0 1 0 0 0 0 0 0 13 0 2 0 0 0 2 0 2 0 0 0 1 0 0 0 0 0 0 0 0 0 1 35 1 0 0 0 0 77 0 1 6 13 0 7 0 0 0 0 2813
0 0 1 0 3 0 0 0 0 23 0 8 0 0 0 0 0 0 0 0 0 4 0 0 0 0 0 0 0 0 0 0 0 1 1 0 0 0 51 0 0 12 12 0 4 0 0 0 1 2985
0 0 3 0 0 0 0 0 0 22 0 4 0 0 0 0 0 0 0 0 0 1 1 0 0 0 0 0 0 0 0 3 1 3 0 0 0 0 72 0 1 10 11 0 8 0 0 0 0 2807
0 1 4 0 0 0 0 0 0 21 0 7 0 0 0 0 0 0 0 0 0 2 1 0 0 0 0 0 0 0 0 0 2 0 1 0 0 0 58 0 1 7 14 0 8 0 0 0 0 2921
0 25 10 0 0 0 8 5 0 12 0 4 0 1 0 1 0 3 0 0 0 3 0 0 0 0 0 1 0 0 0 0 23 16 44 10 0 0 65 0 1 6 9 0 13 0 1 1 4 2883
1 0 4 0 2 0 0 0 0 30 0 14 0 0 0 1 0 3 0 0 0 6 0 0 0 0 2 0 0 0 0 1 7 1 9 3 0 0 43 0 1 18 10 0 35 1 0 1 0 2781
0 1 0 0 1 0 2 0 0 37 0 6 0 0 0 0 0 0 0 0 0 8 0 0 0 0 0 0 0 0 0 1 0 8 3 1 0 0 52 0 0 15 10 0 25 0 0 0 0 2887
0 0 0 0 0 0 0 2 0 36 0 11 0 1 0 0 0 0 0 0 0 2 0 0 0 5 0 0 0 0 0 0 1 0 2 2 0 0 42 0 1 11 14 0 25 0 0 1 0 2833
0 0 7 1 3 0 0 0 0 11 0 12 0 2 0 0 2 0 0 0 0 1 0 0 0 2 0 0 0 0 0 0 1 0 2 0 0 1 52 0 1 12 5 0 6 0 0 0 0 2999
0 0 4 10 1 0 0 0 0 17 0 21 0 7 0 0 0 0 0 1 0 7 0 0 0 15 0 0 0 0 0 3 1 1 1 0 0 7 33 0 0 20 3 0 5 4 0 0 0 2947
0 5 9 4 12 0 1 0 0 12 0 23 0 1 0 0 8 0 0 0 0 8 0 0 0 1 0 0 0 0 0 0 0 2 2 1 0 8 55 0 0 12 4 0 8 4 0 1 0 2925
0 0 7 2 0 0 0 0 0 14 0 20 0 3 0 0 0 0 0 1 0 5 0 0 0 0 0 0 0 0 0 0 1 2 0 1 0 0 48 0 4 7 6 0 5 0 0 0 1 3106
0 2 4 2 8 0 0 0 0 21 0 30 0 14 0 3 3 1 0 0 0 18 0 0 0 1 0 0 0 0 0 0 0 0 3 2 0 9 41 0 0 11 4 0 10 0 0 0 0 2891
0 0 5 0 0 0 2 0 0 11 0 5 0 0 0 0 0 0 0 0 0 2 0 0 0 0 0 0 0 0 0 0 2 1 3 0 0 0 64 0 3 8 14 0 4 0 0 0 0 2881
0 0 7 0 9 0 1 0 0 21 0 12 0 6 0 0 1 0 0 0 0 2 0 0 0 2 0 0 0 0 0 1 1 1 4 0 0 0 53 0 3 12 12 0 9 1 0 1 1 2855
0 1 1 0 0 0 0 0 0 16 0 7 0 0 0 0 0 0 0 0 0 1 0 0 0 0 0 0 2 0 0 1 2 0 6 1 0 0 57 0 2 17 27 0 3 0 0 0 2 2919
0 0 2 0 0 0 0 0 0 18 0 7 0 0 0 0 0 0 0 0 0 10 0 0 0 0 0 0 1 0 0 0 2 0 6 1 0 0 56 0 1 9 15 0 7 0 0 0 0 3055
0 0 3 0 0 0 0 0 0 15 0 3 0 0 0 0 0 0 0 1 0 0 0 0 0 0 0 0 0 0 0 1 0 1 3 1 0 0 49 0 5 14 13 0 11 0 0 0 0 3080
0 0 4 0 0 0 0 0 0 7 0 5 0 0 0 0 0 0 0 0 0 2 0 0 0 0 0 0 0 0 0 1 4 0 2 0 0 0 77 0 5 13 15 0 4 0 0 0 1 2886
0 0 3 0 0 0 0 0 0 24 0 9 0 0 0 0 0 0 0 0 0 12 0 0 0 12 0 0 0 0 0 0 0 0 2 0 0 1 49 0 2 6 10 0 14 25 0 2 0 3018
0 1 17 1 5 2 2 0 0 26 0 8 0 1 1 1 1 5 2 0 1 4 0 0 1 0 4 0 0 1 1 0 11 21 6 0 1 0 61 0 3 19 14 1 18 0 0 0 1 2940
1 0 6 0 3 1 2 0 0 19 1 8 0 0 0 1 3 0 3 2 2 4 0 0 2 0 2 0 0 1 0 0 9 10 4 4 0 0 67 1 1 15 10 0 20 0 0 0 1 2832
0 0 5 0 0 1 0 0 0 19 0 6 0 0 0 0 0 0 3 0 0 2 0 0 0 0 0 0 0 0 0 1 3 0 4 0 0 0 58 0 3 19 11 0 13 0 0 0 1 3011
0 1 0 0 0 0 0 0 0 20 0 3 0 1 0 0 0 0 1 0 0 5 0 0 0 1 0 0 0 0 0 2 1 0 2 0 1 0 63 0 1 19 15 0 9 0 0 1 0 3073
1 15 18 0 9 3 6 11 0 19 0 7 0 3 9 11 1 25 3 1 2 4 0 0 5 1 8 3 1 3 12 0 95 25 20 13 6 3 57 3 1 10 13 2 34 0 17 14 0 2484
6 5 6 0 4 1 12 3 0 26 0 8 6 4 2 0 0 14 8 5 1 2 0 0 0 1 13 6 0 2 6 0 108 20 22 15 4 4 73 11 3 9 12 0 21 0 2 4 1 2619
1 18 19 0 16 5 6 11 0 19 0 6 1 5 2 9 0 14 8 9 5 4 0 0 2 2 3 7 4 2 7 1 49 29 19 11 6 2 65 3 1 18 11 3 20 1 3 9 2 2649
4 5 9 0 2 2 17 13 0 26 0 10 0 3 1 1 0 16 5 2 0 9 0 0 0 0 13 5 0 0 10 0 121 28 20 9 3 0 69 6 2 6 13 2 23 0 2 10 2 2649
9 7 16 0 0 3 13 4 0 21 0 8 3 1 1 3 0 12 4 0 0 3 0 0 1 0 4 8 1 0 17 1 87 22 12 9 0 0 77 5 0 11 17 2 22 1 1 0 1 2651
0 34 6 1 17 0 6 1 0 37 0 30 0 48 0 0 1 0 0 0 0 49 1 0 0 15 0 0 0 0 0 1 5 7 71 1 0 56 49 0 0 28 7 0 19 1 0 0 0 2372
0 68 4 0 26 0 10 3 0 35 0 36 0 72 0 0 0 2 3 0 0 28 0 0 0 9 0 0 0 0 0 2 10 3 41 5 5 56 55 0 1 16 11 0 16 1 0 0 0 2469
1 91 0 0 18 0 36 40 0 30 0 12 0 50 1 1 1 1 7 2 16 15 0 0 0 11 1 7 0 4 2 1 31 37 28 6 12 43 42 2 0 13 19 0 6 2 0 0 0 2317
0 44 2 2 10 0 55 33 0 39 0 17 0 40 0 0 0 1 8 1 7 9 0 0 1 5 2 1 0 0 1 0 42 33 29 6 39 25 40 0 2 12 17 0 26 0 0 0 0 2307
1 73 6 0 12 0 53 35 1 14 0 5 0 39 0 0 0 3 3 1 9 15 0 0 0 10 3 13 0 2 0 1 80 40 36 5 9 28 83 0 1 11 15 0 30 1 0 0 1 2400
0 14 6 0 17 0 21 2 0 14 0 17 0 13 1 0 0 3 3 12 0 23 0 0 0 17 0 3 0 0 1 0 20 24 13 10 3 9 73 0 2 9 11 0 27 6 0 0 0 2572
1 12 18 0 51 0 8 1 0 18 1 9 0 15 1 1 3 3 8 4 1 16 0 0 5 3 1 0 0 0 0 0 19 15 21 10 0 11 60 1 1 12 17 2 23 1 0 1 0 2542
0 14 8 3 11 0 34 0 0 23 0 14 0 16 1 0 0 3 6 1 0 22 0 0 1 10 0 0 0 0 1 1 25 7 92 9 1 11 55 1 2 16 11 0 29 7 1 0 0 2521
0 8 2 0 1 0 4 0 0 15 0 18 0 6 0 0 0 1 0 0 0 11 0 0 0 0 0 0 0 0 0 0 1 5 11 1 0 4 64 0 2 20 12 0 22 0 0 0 0 2647
0 7 2 2 4 0 5 1 0 8 0 10 0 13 0 0 0 0 0 0 0 30 0 0 0 1 0 0 0 0 0 0 3 0 25 2 0 6 58 0 1 27 12 0 31 0 0 0 0 2546
0 3 1 0 4 0 3 0 0 19 0 8 0 6 0 0 0 1 0 1 0 22 0 0 0 0 0 0 0 0 0 0 1 1 23 11 0 2 60 0 1 22 13 0 27 0 0 0 0 2697
0 6 0 4 4 0 0 0 0 24 0 82 0 11 0 0 0 0 0 0 0 67 1 0 0 44 0 0 0 0 0 0 0 0 17 2 0 66 29 0 0 12 3 0 8 29 0 0 1 2556
0 13 0 7 5 0 1 0 0 22 0 60 0 30 0 0 0 0 0 0 0 32 0 0 0 87 0 0 0 0 0 0 0 0 11 0 0 72 12 0 0 24 4 0 4 20 0 0 0 2459
0 8 0 16 28 0 1 1 0 14 0 65 0 38 0 0 0 0 0 0 0 41 0 0 0 61 0 0 0 0 0 1 0 1 11 3 0 51 21 0 0 23 5 0 1 2 0 0 0 2494
0 8 0 3 9 0 0 0 0 19 0 71 0 15 0 0 0 0 2 0 0 30 0 0 0 53 0 0 0 0 0 0 0 0 9 2 0 40 26 0 0 17 4 0 8 9 0 0 0 2620
0 6 5 0 25 0 2 1 0 19 3 56 0 6 0 0 0 0 3 0 0 11 3 0 0 13 0 0 0 0 0 0 1 4 14 2 0 7 77 0 0 11 10 0 5 31 1 0 0 2548
0 10 0 1 21 0 0 0 0 29 0 77 0 16 0 0 0 0 0 0 1 119 2 0 0 40 0 0 0 0 0 0 5 1 19 2 0 62 28 0 0 31 7 0 1 7 0 0 0 2509
0 2 1 0 2 0 0 0 0 34 0 42 0 11 0 0 0 0 0 0 0 61 0 0 0 40 0 0 0 0 0 0 0 0 8 0 0 49 48 0 0 14 1 0 15 11 0 0 0 2658
0 7 0 9 3 0 2 0 0 28 0 69 0 63 0 0 0 0 0 0 0 40 0 0 0 124 0 0 0 0 0 0 0 1 5 1 1 35 15 0 0 34 5 0 2 17 0 0 0 2413
0 0 0 0 7 0 0 0 0 17 0 23 0 6 0 0 0 1 0 0 0 50 0 0 0 38 0 0 0 0 0 0 0 0 16 0 0 48 32 0 0 19 4 0 6 4 0 0 0 2572
0 6 0 2 1 0 1 0 0 13 0 20 0 13 0 0 0 0 0 0 0 54 0 0 0 35 0 0 0 0 0 0 0 0 13 3 0 49 26 0 0 21 12 0 4 0 0 0 0 2684
0 1 0 0 0 0 0 0 0 30 0 34 0 2 0 0 0 0 0 0 0 11 0 0 0 15 0 0 0 0 0 0 0 0 8 0 0 4 40 0 2 11 4 0 13 5 0 0 0 2664
0 0 3 1 0 0 0 0 0 43 0 21 0 2 0 0 0 0 0 0 0 17 0 0 0 13 0 0 0 0 0 0 0 0 8 0 0 2 44 0 0 12 2 0 15 4 0 0 0 2769
0 6 0 0 1 0 0 2 0 34 0 14 0 1 0 0 0 0 0 0 0 19 0 0 0 43 0 0 0 0 0 0 0 0 7 0 0 11 41 0 1 6 7 0 13 18 0 0 0 2640
0 19 8 0 1 0 6 0 0 15 0 15 0 52 0 0 1 1 0 0 0 11 0 0 0 10 0 0 0 0 0 1 7 3 13 1 0 138 32 0 0 25 1 0 3 1 0 0 0 2562
0 154 14 0 5 0 31 27 0 4 0 3 0 12 2 0 0 10 0 0 2 10 0 0 0 1 2 17 0 0 1 0 109 13 70 10 2 29 15 0 0 21 2 0 9 0 2 0 0 2489
1 34 0 1 15 0 3 6 0 12 0 23 0 42 0 0 0 0 1 0 7 8 0 0 0 28 0 0 0 0 0 0 0 4 16 0 0 187 19 0 0 29 5 0 3 0 0 0 0 2461
2 136 8 0 13 1 21 2 0 8 0 8 1 32 0 0 0 0 2 0 2 17 0 0 0 7 6 10 0 8 0 0 29 20 59 3 0 107 34 0 0 17 3 0 3 0 1 1 0 2424
0 65 2 1 14 0 8 2 0 13 0 10 0 35 0 0 0 2 0 0 3 11 0 0 0 18 1 2 0 2 0 0 18 14 38 5 0 172 23 0 0 26 3 0 7 0 2 0 0 2582
0 1 11 3 0 0 1 0 0 30 4 48 0 10 0 0 0 0 0 0 0 6 1 0 0 10 0 0 0 0 0 0 0 1 9 0 0 3 78 0 0 16 2 0 11 12 0 1 0 2698
0 0 11 1 6 0 6 0 0 15 3 33 0 6 0 0 0 0 0 0 0 14 0 0 0 41 0 0 0 0 0 0 0 4 22 1 0 7 67 0 0 7 8 0 2 18 0 1 0 2663
0 1 7 0 9 0 9 1 0 10 3 39 0 3 0 0 0 0 1 0 0 34 0 0 0 24 0 0 0 0 0 0 1 2 22 0 0 4 76 0 0 41 3 0 8 4 0 1 0 2674
0 0 8 1 3 0 2 1 0 8 0 23 0 7 0 0 0 4 0 0 0 20 1 0 0 15 0 0 0 0 0 0 7 0 16 3 0 0 98 0 0 44 5 0 19 3 0 1 0 2678
0 2 8 5 8 0 4 1 0 8 0 35 0 25 0 0 0 0 0 0 0 10 0 0 0 15 0 0 0 0 0 1 2 3 23 2 1 6 83 0 0 41 8 0 16 0 0 1 0 2627
0 3 12 1 12 0 10 2 0 7 5 16 0 6 0 0 0 1 3 0 0 8 2 0 0 0 0 0 0 0 0 2 8 1 16 19 1 2 83 0 0 42 9 0 13 0 0 1 0 2670
0 2 13 0 0 0 0 0 0 17 0 10 0 0 0 0 0 12 0 0 0 4 0 0 0 6 0 0 0 0 2 0 18 0 10 8 0 0 57 1 0 6 6 0 22 1 4 0 0 2695
1 14 7 0 18 0 10 3 0 10 0 2 0 16 1 5 0 2 0 0 0 7 0 0 0 2 0 1 1 2 0 0 10 6 24 10 0 15 57 0 0 16 2 0 13 0 0 1 0 2790
0 6 21 0 1 0 1 0 0 9 0 3 0 1 0 1 0 1 0 0 0 13 0 0 2 2 0 0 1 0 0 0 10 2 23 11 0 2 74 0 1 12 5 0 16 0 0 1 1 2664
0 20 24 0 2 0 0 0 0 6 1 5 0 4 1 1 0 3 0 0 0 6 0 0 0 0 0 0 0 0 0 0 11 0 27 3 0 2 71 0 0 10 4 0 14 0 0 0 0 2659
0 51 11 0 3 2 2 4 0 17 0 3 3 2 1 0 0 4 4 1 3 7 0 0 0 0 18 7 0 9 2 0 74 33 80 17 2 39 35 1 1 12 6 1 10 0 0 1 0 2388
0 41 26 0 10 1 8 6 0 9 0 8 1 5 2 0 0 1 1 2 1 6 0 0 1 0 7 2 0 2 4 0 48 12 26 8 0 34 38 3 1 14 4 0 11 0 1 3 0 2486
52 18 10 0 11 0 7 28 18 9 0 11 15 2 4 1 0 0 15 1 57 0 0 0 3 0 28 36 0 103 1 1 23 106 3 6 3 0 75 1 1 7 5 14 19 0 0 6 0 2221
37 34 4 1 9 0 2 19 9 7 0 3 2 0 0 0 1 2 21 1 39 1 0 0 1 0 27 9 0 92 0 1 18 52 7 4 7 2 67 3 0 6 10 10 23 0 0 0 1 2417
5 42 10 0 6 0 40 36 0 9 0 2 0 37 0 0 2 20 11 0 3 3 0 0 0 0 12 8 0 0 1 1 76 7 38 25 22 14 46 4 2 11 4 0 23 0 17 0 0 2334
1 10 13 0 15 0 22 25 0 5 0 2 0 30 0 0 1 19 10 1 0 0 0 0 0 0 8 7 0 0 2 1 75 6 18 26 33 12 42 3 3 7 8 0 18 0 12 0 0 2476
2 35 8 1 14 0 41 43 0 4 0 3 0 33 0 0 4 14 19 0 1 0 0 0 2 0 8 9 0 0 8 2 99 7 33 21 17 14 54 0 2 8 6 0 20 0 10 0 2 2396
24 25 5 0 6 3 2 4 0 14 0 2 3 0 0 5 1 9 7 0 134 7 0 0 2 0 97 12 0 40 26 0 48 55 18 3 1 1 39 0 0 9 7 4 45 0 8 1 3 2201
0 0 2 0 0 0 0 0 0 28 0 3 0 0 0 0 0 0 0 0 0 1 0 0 0 0 0 0 0 0 0 2 1 0 0 0 0 0 52 0 0 16 11 0 5 0 0 0 0 2917
0 0 1 0 0 0 0 0 0 17 0 4 0 0 0 0 0 0 0 1 0 1 0 0 0 0 0 0 0 0 0 1 0 0 0 1 0 0 51 0 0 23 15 0 4 0 0 0 0 2980
0 0 2 0 0 0 0 0 0 27 0 14 0 0 0 0 0 0 0 0 0 0 0 0 0 0 0 0 0 0 0 0 0 0 0 0 0 0 50 0 1 12 9 0 4 0 0 0 0 2859
0 0 8 0 0 0 0 0 0 7 0 2 0 0 0 0 0 2 0 0 0 3 0 0 0 0 0 0 0 0 0 2 2 0 1 0 0 0 79 0 1 9 4 0 4 0 0 0 0 2842
0 0 4 0 0 0 0 0 0 6 0 7 0 0 0 0 0 0 0 0 0 5 0 0 0 0 0 0 0 0 0 1 0 0 1 1 0 0 84 0 0 4 14 0 8 0 0 0 0 3031
0 0 12 0 1 0 0 0 0 14 0 7 0 0 0 0 0 0 0 0 0 4 0 0 0 0 0 0 0 0 0 0 1 0 5 0 0 0 61 0 0 7 10 0 10 0 0 0 0 3068
0 0 8 0 0 0 0 0 0 10 0 3 0 0 0 0 0 0 0 0 0 3 0 0 0 0 0 0 0 0 0 0 0 0 4 0 0 0 72 0 1 10 5 0 13 0 0 0 0 2960
0 1 3 0 0 0 0 0 0 12 0 13 0 0 0 0 0 1 0 0 0 6 0 0 0 0 0 0 0 0 0 0 3 0 1 0 0 0 66 0 0 13 5 0 16 0 0 0 0 3011
0 0 5 0 0 0 1 0 0 13 0 15 0 0 0 0 0 1 0 0 0 3 0 0 0 0 0 0 0 0 0 2 2 0 6 2 0 0 59 0 0 15 3 0 16 0 0 0 0 2967
0 0 3 0 0 0 1 0 0 18 0 5 0 0 0 0 0 0 0 0 0 0 0 0 0 0 0 0 0 0 0 1 0 0 2 0 0 0 60 0 0 27 8 0 8 0 0 0 0 3147
0 0 6 0 0 0 0 0 0 21 0 1 0 0 0 0 0 0 1 0 0 1 0 0 0 0 0 0 0 0 0 0 1 0 1 2 0 0 75 0 0 14 4 0 8 0 0 0 0 2893
0 0 9 0 1 0 0 0 0 17 0 6 0 0 0 0 0 0 0 0 0 2 0 0 0 0 0 0 0 0 0 2 0 0 2 0 0 0 64 0 1 15 6 0 3 0 0 0 0 2940
0 0 6 1 0 0 2 0 0 20 0 13 0 4 0 0 0 0 0 0 0 1 1 0 0 0 0 0 0 0 0 1 1 2 3 2 0 0 66 0 0 11 6 0 7 0 0 0 0 2840
0 0 9 0 0 0 0 0 0 17 0 13 0 0 0 0 0 1 0 0 0 5 0 0 0 0 0 0 0 0 0 5 2 0 1 0 0 0 61 0 0 15 7 0 6 0 0 1 0 2965
0 0 12 0 0 0 0 0 0 14 0 5 0 0 0 0 0 1 0 0 0 1 0 0 0 0 0 0 0 0 0 4 2 0 4 0 0 0 81 0 2 10 4 0 7 0 0 0 0 2899
0 0 4 0 0 0 1 1 0 11 0 9 0 0 0 0 0 0 0 0 0 2 0 0 0 0 0 0 0 0 0 1 2 3 2 0 0 0 94 0 1 11 9 0 2 0 1 0 1 2953
0 0 7 0 5 0 0 0 0 14 0 3 0 0 0 0 0 0 0 0 0 1 0 0 0 0 0 1 1 0 0 5 1 7 3 0 0 0 71 0 0 11 2 0 10 0 0 0 0 3039
25 16 7 1 43 0 13 13 2 13 0 9 6 2 4 0 0 0 16 7 0 0 0 0 0 0 1 14 2 43 0 1 2 187 5 3 1 0 68 4 1 5 13 0 2 1 0 0 7 2389
0 41 6 0 18 0 18 46 0 11 0 14 0 3 0 0 1 0 7 0 5 1 0 0 0 0 0 1 0 2 0 2 3 25 8 7 1 3 69 0 1 5 9 0 3 0 0 0 2 2612
0 6 5 7 43 0 1 0 0 7 0 30 0 14 1 0 2 0 11 0 0 1 0 0 0 0 0 0 0 0 0 0 1 0 4 2 1 0 40 0 0 20 11 0 1 0 0 0 0 2707
0 0 6 0 8 0 0 0 0 21 0 35 0 8 0 0 0 0 0 0 0 6 1 0 0 3 0 0 0 0 0 2 0 0 4 0 0 0 47 0 0 22 18 0 3 0 0 0 0 2742
0 32 4 0 26 0 1 6 0 14 1 11 0 30 1 0 0 0 2 0 1 0 0 0 1 0 0 0 0 0 0 5 1 2 0 0 20 34 74 0 1 8 7 0 4 0 4 0 2 2623
0 3 7 4 16 0 3 0 0 11 1 35 0 39 0 0 0 0 1 0 0 4 0 0 0 15 0 0 0 0 0 2 0 1 4 0 4 9 46 0 0 20 9 0 12 0 1 1 0 2668
0 0 35 0 33 1 0 0 0 12 7 13 0 0 2 0 1 0 0 7 0 2 0 0 0 0 0 0 1 0 0 0 4 1 7 2 0 0 85 0 0 10 10 0 5 0 0 0 3 2686
0 0 78 0 24 0 0 0 0 15 5 11 0 1 7 0 81 1 0 1 0 3 0 0 12 0 0 0 0 0 0 2 0 3 21 1 0 1 82 0 0 12 13 0 5 0 1 5 0 2532
0 7 26 0 58 3 4 0 0 7 0 30 0 0 4 2 92 33 11 0 0 2 0 0 8 0 0 0 0 0 1 4 60 2 90 22 0 2 76 0 1 24 3 0 12 0 1 0 2 2339
5 2 31 0 81 2 3 0 0 17 5 6 0 0 0 0 5 1 18 0 0 0 0 0 4 0 0 0 0 0 0 2 9 53 86 16 0 3 104 0 0 15 11 0 9 0 1 21 2 2415
1 0 56 0 59 0 1 0 0 1 12 0 4 0 113 0 1 0 0 133 0 0 0 0 0 0 0 0 4 0 0 1 10 96 26 5 0 0 67 3 0 6 2 0 2 0 0 42 0 2280
0 20 58 0 56 0 4 2 0 7 28 3 63 0 51 0 0 3 0 1 0 1 0 0 0 0 11 62 5 5 2 1 34 187 103 2 0 1 83 43 0 7 8 0 3 2 1 81 0 1987
0 0 24 0 1 0 0 0 0 4 0 2 0 0 3 36 0 86 0 1 0 0 0 0 0 0 40 0 0 0 148 3 245 0 9 2 0 0 24 0 1 0 1 0 27 0 22 0 1 2245
0 0 29 0 1 0 0 0 0 1 0 0 0 0 2 33 2 87 0 0 0 0 0 0 0 0 28 0 0 0 157 1 290 0 11 2 0 0 26 0 0 2 2 0 25 0 18 0 7 2200
0 1 28 0 0 0 0 0 0 4 0 0 0 0 3 26 0 28 0 1 0 0 0 0 0 0 207 0 1 0 112 1 122 1 14 2 0 0 45 0 1 3 0 0 10 0 11 0 5 2290
0 0 35 0 1 0 0 0 0 3 0 0 0 0 2 8 0 50 0 0 0 0 0 0 6 0 185 0 1 0 88 3 125 0 9 1 0 0 43 0 1 5 2 0 25 0 10 0 2 2321
0 0 2 0 1 0 0 0 0 26 0 2 0 0 0 0 0 0 0 0 0 1 0 0 0 0 0 0 0 0 0 1 0 1 1 0 0 0 68 0 0 6 16 0 12 0 0 0 0 2788
0 0 2 0 4 0 0 0 0 31 0 7 0 0 0 0 0 0 0 0 0 1 0 0 0 0 0 0 0 0 0 0 0 1 0 0 0 0 49 0 0 17 9 0 12 0 0 0 0 2780
0 0 5 0 5 0 1 0 0 12 0 6 0 0 0 0 0 0 1 0 0 2 0 0 0 0 0 0 0 0 0 0 0 0 1 0 0 0 65 0 0 12 13 0 28 0 0 0 0 2764
0 0 4 0 0 0 1 0 0 24 0 13 0 0 0 0 0 0 0 0 0 0 0 0 0 0 0 0 0 0 0 0 0 0 0 1 0 0 80 0 0 6 7 0 6 0 0 0 0 2812
0 0 5 0 0 0 0 0 0 22 0 19 0 0 0 0 0 0 0 0 0 1 0 0 0 0 0 0 0 0 0 1 0 0 1 0 0 0 57 0 0 12 11 0 7 0 0 0 0 2881
0 0 5 0 2 0 1 0 0 24 2 12 0 0 0 0 0 0 0 0 0 4 0 0 0 0 0 0 0 0 0 0 1 1 3 1 0 0 40 0 0 23 3 0 12 0 0 0 1 2791
