577.3071687221527
1157.021241426468
1742.3062789440155
2312.4650678634644
2887.4077944755554
3460.616894006729
4031.104509115219
4603.381185531616
5176.374999284744
5749.098603963852
6325.872800827026
6904.452412843704
7478.761940717697
8053.7786321640015
8641.817795991898
9227.45616889
9908.097104787827
10662.774460792542
11296.815392494202
11873.321941137314
12450.184733390808
13048.17225599289
13648.267746448517
14247.190178632736
14835.214913606644
15438.123610019684
16039.778295516968
16645.940577983856
17239.779955625534
17831.02170610428
18417.740092754364
19005.34727191925
19592.26579809189
20181.288194179535
20763.558652162552
21376.327564001083
21962.159194231033
22556.322735786438
23133.551922559738
23719.34725689888
550.7941167354584
1101.921481847763
1653.473665714264
2204.30451130867
2755.393468141556
3306.122018098831
3857.0869479179382
4408.282936811447
4959.694082260132
5510.132976293564
6060.863310575485
6611.627853870392
7163.23685836792
7714.227518081665
8265.189040899277
8816.190874576569
9366.963743209839
9917.933385133743
10468.931250095367
11020.088568925858
11570.624116897583
12120.765313863754
12671.298587799072
13222.24518752098
13773.454455375671
14324.386963367462
14874.920122861862
15426.126585006714
15976.74615740776
16527.493527173996
17078.805669546127
17629.574959516525
18180.292662620544
18731.51192498207
19284.61642241478
19835.347212076187
20386.349490642548
20937.33810520172
21488.71997976303
22039.506941318512
22591.248077392578
23142.228083610535
23693.310439109802
24245.797179937363
24785.055314302444
25319.88626432419
25856.306722164154
26394.5130443573
568.153730392456
1138.3217582702637
1707.2728252410889
2275.4328701496124
2851.201283931732
3430.1532485485077
4004.0407226085663
4578.701640367508
5151.417775630951
5727.320581197739
6312.155955553055
6885.341199398041
7467.838819503784
8040.654916524887
8624.04637169838
9202.703936338425
9785.412143945694
10362.85798215866
10943.863795995712
11522.25095629692
12100.124315738678
12679.280849456787
13257.662435293198
13834.75739455223
14415.064740657806
14992.221402406693
15573.011324882507
16151.377745628357
16733.121106624603
17313.378103017807
17893.498268842697
18462.63483762741
19031.960938692093
19600.41464328766
20170.219775676727
20737.668357372284
21306.30842924118
21875.60919713974
22444.718725204468
23006.972064971924
23571.587705612183
24133.600459575653
24694.49842953682
25254.085765600204
25796.053468942642
26337.313791036606
26881.68010044098
27427.831814289093
27987.154341459274
28546.514771938324
29107.292724370956
29672.127149105072
30233.438824892044
30793.31440758705
31352.544121026993
31928.77330350876
32499.756707191467
33071.287834882736
33640.91367101669
34213.42831540108
34785.98708486557
35359.814776182175
35931.693893671036
36500.987265348434
37071.51911711693
37643.28925418854
38213.16029882431
38787.15771532059
39352.796226263046
39923.16392946243
40487.94969320297
41052.359196424484
41620.83113884926
42187.978909015656
42753.057341337204
43322.62140893936
43888.86524057388
44460.99542570114
45027.7003929615
45610.74053812027
