0.000302 0.000302 0.000302 0.000302 0.000302 0.000302 0.000302 0.997281 0.000302 0.000302
0.000302 0.000302 0.000302 0.000302 0.000302 0.000302 0.000302 0.997281 0.000302 0.000302
0.000302 0.000302 0.000302 0.000302 0.000302 0.000302 0.000302 0.000302 0.997281 0.000302
0.248036 0.000302 0.749547 0.000302 0.000302 0.000302 0.000302 0.000302 0.000302 0.000302
0.000302 0.000302 0.000302 0.000302 0.997281 0.000302 0.000302 0.000302 0.000302 0.000302
0.000302 0.000302 0.000302 0.997281 0.000302 0.000302 0.000302 0.000302 0.000302 0.000302
0.000302 0.000302 0.000302 0.000302 0.000302 0.000302 0.000302 0.000302 0.000302 0.997281
0.000302 0.997281 0.000302 0.000302 0.000302 0.000302 0.000302 0.000302 0.000302 0.000302
0.000302 0.000302 0.000302 0.000302 0.000302 0.997281 0.000302 0.000302 0.000302 0.000302
0.000302 0.000302 0.000302 0.000302 0.000302 0.000302 0.997281 0.000302 0.000302 0.000302
0.000302 0.000302 0.000302 0.000302 0.000302 0.000302 0.000302 0.997281 0.000302 0.000302
0.000302 0.000302 0.000302 0.000302 0.000302 0.000302 0.000302 0.997281 0.000302 0.000302
0.000302 0.000302 0.000302 0.000302 0.000302 0.000302 0.000302 0.000302 0.997281 0.000302
0.387009 0.000302 0.610574 0.000302 0.000302 0.000302 0.000302 0.000302 0.000302 0.000302
0.000302 0.000302 0.000302 0.000302 0.997281 0.000302 0.000302 0.000302 0.000302 0.000302
0.000302 0.000302 0.000302 0.997281 0.000302 0.000302 0.000302 0.000302 0.000302 0.000302
0.000302 0.000302 0.000302 0.000302 0.000302 0.000302 0.000302 0.000302 0.000302 0.997281
0.000302 0.997281 0.000302 0.000302 0.000302 0.000302 0.000302 0.000302 0.000302 0.000302
0.000302 0.000302 0.000302 0.000302 0.000302 0.997281 0.000302 0.000302 0.000302 0.000302
0.000302 0.000302 0.000302 0.000302 0.000302 0.000302 0.997281 0.000302 0.000302 0.000302
0.000302 0.000302 0.000302 0.000302 0.000302 0.000302 0.000302 0.997281 0.000302 0.000302
0.000302 0.000302 0.000302 0.000302 0.000302 0.000302 0.000302 0.997281 0.000302 0.000302
0.000302 0.000302 0.000302 0.000302 0.000302 0.000302 0.000302 0.000302 0.997281 0.000302
0.081873 0.000302 0.915710 0.000302 0.000302 0.000302 0.000302 0.000302 0.000302 0.000302
0.000302 0.000302 0.000302 0.000302 0.997281 0.000302 0.000302 0.000302 0.000302 0.000302
0.000302 0.000302 0.000302 0.997281 0.000302 0.000302 0.000302 0.000302 0.000302 0.000302
0.000302 0.000302 0.000302 0.000302 0.000302 0.000302 0.000302 0.000302 0.000302 0.997281
0.000302 0.997281 0.000302 0.000302 0.000302 0.000302 0.000302 0.000302 0.000302 0.000302
0.000302 0.000302 0.000302 0.000302 0.000302 0.997281 0.000302 0.000302 0.000302 0.000302
0.000302 0.000302 0.000302 0.000302 0.000302 0.000302 0.997281 0.000302 0.000302 0.000302
0.000302 0.000302 0.000302 0.000302 0.000302 0.000302 0.000302 0.997281 0.000302 0.000302
0.000302 0.000302 0.000302 0.000302 0.000302 0.000302 0.000302 0.997281 0.000302 0.000302
0.000302 0.000302 0.000302 0.000302 0.000302 0.000302 0.000302 0.000302 0.997281 0.000302
0.513897 0.000302 0.483686 0.000302 0.000302 0.000302 0.000302 0.000302 0.000302 0.000302
0.000302 0.000302 0.000302 0.000302 0.997281 0.000302 0.000302 0.000302 0.000302 0.000302
0.000302 0.000302 0.000302 0.997281 0.000302 0.000302 0.000302 0.000302 0.000302 0.000302
0.000302 0.000302 0.000302 0.000302 0.000302 0.000302 0.000302 0.000302 0.000302 0.997281
0.000302 0.997281 0.000302 0.000302 0.000302 0.000302 0.000302 0.000302 0.000302 0.000302
0.000302 0.000302 0.000302 0.000302 0.000302 0.997281 0.000302 0.000302 0.000302 0.000302
0.000302 0.000302 0.000302 0.000302 0.000302 0.000302 0.997281 0.000302 0.000302 0.000302
0.000302 0.000302 0.000302 0.000302 0.000302 0.000302 0.000302 0.997281 0.000302 0.000302
0.000302 0.000302 0.000302 0.000302 0.000302 0.000302 0.000302 0.997281 0.000302 0.000302
0.000302 0.000302 0.000302 0.000302 0.000302 0.000302 0.000302 0.000302 0.997281 0.000302
0.344713 0.000302 0.652870 0.000302 0.000302 0.000302 0.000302 0.000302 0.000302 0.000302
0.000302 0.000302 0.000302 0.000302 0.997281 0.000302 0.000302 0.000302 0.000302 0.000302
0.000302 0.000302 0.000302 0.997281 0.000302 0.000302 0.000302 0.000302 0.000302 0.000302
0.000302 0.000302 0.000302 0.000302 0.000302 0.000302 0.000302 0.000302 0.000302 0.997281
0.000302 0.997281 0.000302 0.000302 0.000302 0.000302 0.000302 0.000302 0.000302 0.000302
0.000302 0.000302 0.000302 0.000302 0.000302 0.997281 0.000302 0.000302 0.000302 0.000302
0.000302 0.000302 0.000302 0.000302 0.000302 0.000302 0.997281 0.000302 0.000302 0.000302
0.000302 0.000302 0.000302 0.000302 0.000302 0.000302 0.000302 0.997281 0.000302 0.000302
0.000302 0.000302 0.000302 0.000302 0.000302 0.000302 0.000302 0.997281 0.000302 0.000302
0.000302 0.000302 0.000302 0.000302 0.000302 0.000302 0.000302 0.000302 0.997281 0.000302
0.087915 0.000302 0.909668 0.000302 0.000302 0.000302 0.000302 0.000302 0.000302 0.000302
0.000302 0.000302 0.000302 0.000302 0.997281 0.000302 0.000302 0.000302 0.000302 0.000302
0.000302 0.000302 0.000302 0.997281 0.000302 0.000302 0.000302 0.000302 0.000302 0.000302
0.000302 0.000302 0.000302 0.000302 0.000302 0.000302 0.000302 0.000302 0.000302 0.997281
0.000302 0.997281 0.000302 0.000302 0.000302 0.000302 0.000302 0.000302 0.000302 0.000302
0.000302 0.000302 0.000302 0.000302 0.000302 0.997281 0.000302 0.000302 0.000302 0.000302
0.000302 0.000302 0.000302 0.000302 0.000302 0.000302 0.997281 0.000302 0.000302 0.000302
0.000302 0.000302 0.000302 0.000302 0.000302 0.000302 0.000302 0.997281 0.000302 0.000302
0.000302 0.000302 0.000302 0.000302 0.000302 0.000302 0.000302 0.997281 0.000302 0.000302
0.000302 0.000302 0.000302 0.000302 0.000302 0.000302 0.000302 0.000302 0.997281 0.000302
0.362840 0.000302 0.634743 0.000302 0.000302 0.000302 0.000302 0.000302 0.000302 0.000302
0.000302 0.000302 0.000302 0.000302 0.997281 0.000302 0.000302 0.000302 0.000302 0.000302
0.000302 0.000302 0.000302 0.997281 0.000302 0.000302 0.000302 0.000302 0.000302 0.000302
0.000302 0.000302 0.000302 0.000302 0.000302 0.000302 0.000302 0.000302 0.000302 0.997281
0.000302 0.997281 0.000302 0.000302 0.000302 0.000302 0.000302 0.000302 0.000302 0.000302
0.000302 0.000302 0.000302 0.000302 0.000302 0.997281 0.000302 0.000302 0.000302 0.000302
0.000302 0.000302 0.000302 0.000302 0.000302 0.000302 0.997281 0.000302 0.000302 0.000302
0.000302 0.000302 0.000302 0.000302 0.000302 0.000302 0.000302 0.997281 0.000302 0.000302
0.000302 0.000302 0.000302 0.000302 0.000302 0.000302 0.000302 0.997281 0.000302 0.000302
0.000302 0.000302 0.000302 0.000302 0.000302 0.000302 0.000302 0.000302 0.997281 0.000302
0.196677 0.000302 0.800906 0.000302 0.000302 0.000302 0.000302 0.000302 0.000302 0.000302
0.000302 0.000302 0.000302 0.000302 0.997281 0.000302 0.000302 0.000302 0.000302 0.000302
0.000302 0.000302 0.000302 0.997281 0.000302 0.000302 0.000302 0.000302 0.000302 0.000302
0.000302 0.000302 0.000302 0.000302 0.000302 0.000302 0.000302 0.000302 0.000302 0.997281
0.000302 0.997281 0.000302 0.000302 0.000302 0.000302 0.000302 0.000302 0.000302 0.000302
0.000302 0.000302 0.000302 0.000302 0.000302 0.997281 0.000302 0.000302 0.000302 0.000302
0.000302 0.000302 0.000302 0.000302 0.000302 0.000302 0.997281 0.000302 0.000302 0.000302
0.000302 0.000302 0.000302 0.000302 0.000302 0.000302 0.000302 0.997281 0.000302 0.000302
0.000302 0.000302 0.000302 0.000302 0.000302 0.000302 0.000302 0.997281 0.000302 0.000302
0.000302 0.000302 0.000302 0.000302 0.000302 0.000302 0.000302 0.000302 0.997281 0.000302
0.362840 0.000302 0.634743 0.000302 0.000302 0.000302 0.000302 0.000302 0.000302 0.000302
0.000302 0.000302 0.000302 0.000302 0.997281 0.000302 0.000302 0.000302 0.000302 0.000302
0.000302 0.000302 0.000302 0.997281 0.000302 0.000302 0.000302 0.000302 0.000302 0.000302
0.000302 0.000302 0.000302 0.000302 0.000302 0.000302 0.000302 0.000302 0.000302 0.997281
0.000302 0.997281 0.000302 0.000302 0.000302 0.000302 0.000302 0.000302 0.000302 0.000302
0.000302 0.000302 0.000302 0.000302 0.000302 0.997281 0.000302 0.000302 0.000302 0.000302
0.000302 0.000302 0.000302 0.000302 0.000302 0.000302 0.997281 0.000302 0.000302 0.000302
0.000302 0.000302 0.000302 0.000302 0.000302 0.000302 0.000302 0.997281 0.000302 0.000302
0.000302 0.000302 0.000302 0.000302 0.000302 0.000302 0.000302 0.997281 0.000302 0.000302
0.000302 0.000302 0.000302 0.000302 0.000302 0.000302 0.000302 0.000302 0.997281 0.000302
0.115106 0.000302 0.882477 0.000302 0.000302 0.000302 0.000302 0.000302 0.000302 0.000302
0.000302 0.000302 0.000302 0.000302 0.997281 0.000302 0.000302 0.000302 0.000302 0.000302
0.000302 0.000302 0.000302 0.997281 0.000302 0.000302 0.000302 0.000302 0.000302 0.000302
0.000302 0.000302 0.000302 0.000302 0.000302 0.000302 0.000302 0.000302 0.000302 0.997281
0.000302 0.997281 0.000302 0.000302 0.000302 0.000302 0.000302 0.000302 0.000302 0.000302
0.000302 0.000302 0.000302 0.000302 0.000302 0.997281 0.000302 0.000302 0.000302 0.000302
0.000302 0.000302 0.000302 0.000302 0.000302 0.000302 0.997281 0.000302 0.000302 0.000302
0.000302 0.000302 0.000302 0.000302 0.000302 0.000302 0.000302 0.997281 0.000302 0.000302
0.000302 0.000302 0.000302 0.000302 0.000302 0.000302 0.000302 0.997281 0.000302 0.000302
0.000302 0.000302 0.000302 0.000302 0.000302 0.000302 0.000302 0.000302 0.997281 0.000302
0.087915 0.000302 0.909668 0.000302 0.000302 0.000302 0.000302 0.000302 0.000302 0.000302
0.000302 0.000302 0.000302 0.000302 0.997281 0.000302 0.000302 0.000302 0.000302 0.000302
0.000302 0.000302 0.000302 0.997281 0.000302 0.000302 0.000302 0.000302 0.000302 0.000302
0.000302 0.000302 0.000302 0.000302 0.000302 0.000302 0.000302 0.000302 0.000302 0.997281
0.000302 0.997281 0.000302 0.000302 0.000302 0.000302 0.000302 0.000302 0.000302 0.000302
0.000302 0.000302 0.000302 0.000302 0.000302 0.997281 0.000302 0.000302 0.000302 0.000302
0.000302 0.000302 0.000302 0.000302 0.000302 0.000302 0.997281 0.000302 0.000302 0.000302
0.000302 0.000302 0.000302 0.000302 0.000302 0.000302 0.000302 0.997281 0.000302 0.000302
0.000302 0.000302 0.000302 0.000302 0.000302 0.000302 0.000302 0.997281 0.000302 0.000302
0.000302 0.000302 0.000302 0.000302 0.000302 0.000302 0.000302 0.000302 0.997281 0.000302
0.341692 0.000302 0.655891 0.000302 0.000302 0.000302 0.000302 0.000302 0.000302 0.000302
0.000302 0.000302 0.000302 0.000302 0.997281 0.000302 0.000302 0.000302 0.000302 0.000302
0.000302 0.000302 0.000302 0.997281 0.000302 0.000302 0.000302 0.000302 0.000302 0.000302
0.000302 0.000302 0.000302 0.000302 0.000302 0.000302 0.000302 0.000302 0.000302 0.997281
0.000302 0.997281 0.000302 0.000302 0.000302 0.000302 0.000302 0.000302 0.000302 0.000302
0.000302 0.000302 0.000302 0.000302 0.000302 0.997281 0.000302 0.000302 0.000302 0.000302
0.000302 0.000302 0.000302 0.000302 0.000302 0.000302 0.997281 0.000302 0.000302 0.000302
0.000302 0.000302 0.000302 0.000302 0.000302 0.000302 0.000302 0.997281 0.000302 0.000302
0.000302 0.000302 0.000302 0.000302 0.000302 0.000302 0.000302 0.997281 0.000302 0.000302
0.000302 0.000302 0.000302 0.000302 0.000302 0.000302 0.000302 0.000302 0.997281 0.000302
0.036556 0.000302 0.961027 0.000302 0.000302 0.000302 0.000302 0.000302 0.000302 0.000302
0.000302 0.000302 0.000302 0.000302 0.997281 0.000302 0.000302 0.000302 0.000302 0.000302
0.000302 0.000302 0.000302 0.997281 0.000302 0.000302 0.000302 0.000302 0.000302 0.000302
0.000302 0.000302 0.000302 0.000302 0.000302 0.000302 0.000302 0.000302 0.000302 0.997281
0.000302 0.997281 0.000302 0.000302 0.000302 0.000302 0.000302 0.000302 0.000302 0.000302
0.000302 0.000302 0.000302 0.000302 0.000302 0.997281 0.000302 0.000302 0.000302 0.000302
0.000302 0.000302 0.000302 0.000302 0.000302 0.000302 0.997281 0.000302 0.000302 0.000302
0.000302 0.000302 0.000302 0.000302 0.000302 0.000302 0.000302 0.997281 0.000302 0.000302
0.000302 0.000302 0.000302 0.000302 0.000302 0.000302 0.000302 0.997281 0.000302 0.000302
0.000302 0.000302 0.000302 0.000302 0.000302 0.000302 0.000302 0.000302 0.997281 0.000302
0.516918 0.000302 0.480665 0.000302 0.000302 0.000302 0.000302 0.000302 0.000302 0.000302
0.000302 0.000302 0.000302 0.000302 0.997281 0.000302 0.000302 0.000302 0.000302 0.000302
0.000302 0.000302 0.000302 0.997281 0.000302 0.000302 0.000302 0.000302 0.000302 0.000302
0.000302 0.000302 0.000302 0.000302 0.000302 0.000302 0.000302 0.000302 0.000302 0.997281
0.000302 0.997281 0.000302 0.000302 0.000302 0.000302 0.000302 0.000302 0.000302 0.000302
0.000302 0.000302 0.000302 0.000302 0.000302 0.997281 0.000302 0.000302 0.000302 0.000302
0.000302 0.000302 0.000302 0.000302 0.000302 0.000302 0.997281 0.000302 0.000302 0.000302
0.000302 0.000302 0.000302 0.000302 0.000302 0.000302 0.000302 0.997281 0.000302 0.000302
0.000302 0.000302 0.000302 0.000302 0.000302 0.000302 0.000302 0.997281 0.000302 0.000302
0.000302 0.000302 0.000302 0.000302 0.000302 0.000302 0.000302 0.000302 0.997281 0.000302
0.157402 0.000302 0.840181 0.000302 0.000302 0.000302 0.000302 0.000302 0.000302 0.000302
0.000302 0.000302 0.000302 0.000302 0.997281 0.000302 0.000302 0.000302 0.000302 0.000302
0.000302 0.000302 0.000302 0.997281 0.000302 0.000302 0.000302 0.000302 0.000302 0.000302
0.000302 0.000302 0.000302 0.000302 0.000302 0.000302 0.000302 0.000302 0.000302 0.997281
0.000302 0.997281 0.000302 0.000302 0.000302 0.000302 0.000302 0.000302 0.000302 0.000302
0.000302 0.000302 0.000302 0.000302 0.000302 0.997281 0.000302 0.000302 0.000302 0.000302
0.000302 0.000302 0.000302 0.000302 0.000302 0.000302 0.997281 0.000302 0.000302 0.000302
0.000302 0.000302 0.000302 0.000302 0.000302 0.000302 0.000302 0.997281 0.000302 0.000302
0.000302 0.000302 0.000302 0.000302 0.000302 0.000302 0.000302 0.997281 0.000302 0.000302
0.000302 0.000302 0.000302 0.000302 0.000302 0.000302 0.000302 0.000302 0.997281 0.000302
0.320544 0.000302 0.677039 0.000302 0.000302 0.000302 0.000302 0.000302 0.000302 0.000302
0.000302 0.000302 0.000302 0.000302 0.997281 0.000302 0.000302 0.000302 0.000302 0.000302
0.000302 0.000302 0.000302 0.997281 0.000302 0.000302 0.000302 0.000302 0.000302 0.000302
0.000302 0.000302 0.000302 0.000302 0.000302 0.000302 0.000302 0.000302 0.000302 0.997281
0.000302 0.997281 0.000302 0.000302 0.000302 0.000302 0.000302 0.000302 0.000302 0.000302
0.000302 0.000302 0.000302 0.000302 0.000302 0.997281 0.000302 0.000302 0.000302 0.000302
0.000302 0.000302 0.000302 0.000302 0.000302 0.000302 0.997281 0.000302 0.000302 0.000302
0.000302 0.000302 0.000302 0.000302 0.000302 0.000302 0.000302 0.997281 0.000302 0.000302
0.000302 0.000302 0.000302 0.000302 0.000302 0.000302 0.000302 0.997281 0.000302 0.000302
0.000302 0.000302 0.000302 0.000302 0.000302 0.000302 0.000302 0.000302 0.997281 0.000302
0.269184 0.000302 0.728399 0.000302 0.000302 0.000302 0.000302 0.000302 0.000302 0.000302
0.000302 0.000302 0.000302 0.000302 0.997281 0.000302 0.000302 0.000302 0.000302 0.000302
0.000302 0.000302 0.000302 0.997281 0.000302 0.000302 0.000302 0.000302 0.000302 0.000302
0.000302 0.000302 0.000302 0.000302 0.000302 0.000302 0.000302 0.000302 0.000302 0.997281
0.000302 0.997281 0.000302 0.000302 0.000302 0.000302 0.000302 0.000302 0.000302 0.000302
0.000302 0.000302 0.000302 0.000302 0.000302 0.997281 0.000302 0.000302 0.000302 0.000302
0.000302 0.000302 0.000302 0.000302 0.000302 0.000302 0.997281 0.000302 0.000302 0.000302
0.000302 0.000302 0.000302 0.000302 0.000302 0.000302 0.000302 0.997281 0.000302 0.000302
0.000302 0.000302 0.000302 0.000302 0.000302 0.000302 0.000302 0.997281 0.000302 0.000302
0.000302 0.000302 0.000302 0.000302 0.000302 0.000302 0.000302 0.000302 0.997281 0.000302
0.383988 0.000302 0.613595 0.000302 0.000302 0.000302 0.000302 0.000302 0.000302 0.000302
0.000302 0.000302 0.000302 0.000302 0.997281 0.000302 0.000302 0.000302 0.000302 0.000302
0.000302 0.000302 0.000302 0.997281 0.000302 0.000302 0.000302 0.000302 0.000302 0.000302
0.000302 0.000302 0.000302 0.000302 0.000302 0.000302 0.000302 0.000302 0.000302 0.997281
0.000302 0.997281 0.000302 0.000302 0.000302 0.000302 0.000302 0.000302 0.000302 0.000302
0.000302 0.000302 0.000302 0.000302 0.000302 0.997281 0.000302 0.000302 0.000302 0.000302
0.000302 0.000302 0.000302 0.000302 0.000302 0.000302 0.997281 0.000302 0.000302 0.000302
0.000302 0.000302 0.000302 0.000302 0.000302 0.000302 0.000302 0.997281 0.000302 0.000302
0.000302 0.000302 0.000302 0.000302 0.000302 0.000302 0.000302 0.997281 0.000302 0.000302
0.000302 0.000302 0.000302 0.000302 0.000302 0.000302 0.000302 0.000302 0.997281 0.000302
0.232931 0.000302 0.764653 0.000302 0.000302 0.000302 0.000302 0.000302 0.000302 0.000302
0.000302 0.000302 0.000302 0.000302 0.997281 0.000302 0.000302 0.000302 0.000302 0.000302
0.000302 0.000302 0.000302 0.997281 0.000302 0.000302 0.000302 0.000302 0.000302 0.000302
0.000302 0.000302 0.000302 0.000302 0.000302 0.000302 0.000302 0.000302 0.000302 0.997281
0.000302 0.997281 0.000302 0.000302 0.000302 0.000302 0.000302 0.000302 0.000302 0.000302
0.000302 0.000302 0.000302 0.000302 0.000302 0.997281 0.000302 0.000302 0.000302 0.000302
0.000302 0.000302 0.000302 0.000302 0.000302 0.000302 0.997281 0.000302 0.000302 0.000302
0.000302 0.000302 0.000302 0.000302 0.000302 0.000302 0.000302 0.997281 0.000302 0.000302
0.000302 0.000302 0.000302 0.000302 0.000302 0.000302 0.000302 0.997281 0.000302 0.000302
0.000302 0.000302 0.000302 0.000302 0.000302 0.000302 0.000302 0.000302 0.997281 0.000302
0.112085 0.000302 0.885498 0.000302 0.000302 0.000302 0.000302 0.000302 0.000302 0.000302
0.000302 0.000302 0.000302 0.000302 0.997281 0.000302 0.000302 0.000302 0.000302 0.000302
0.000302 0.000302 0.000302 0.997281 0.000302 0.000302 0.000302 0.000302 0.000302 0.000302
0.000302 0.000302 0.000302 0.000302 0.000302 0.000302 0.000302 0.000302 0.000302 0.997281
0.000302 0.997281 0.000302 0.000302 0.000302 0.000302 0.000302 0.000302 0.000302 0.000302
0.000302 0.000302 0.000302 0.000302 0.000302 0.997281 0.000302 0.000302 0.000302 0.000302
0.000302 0.000302 0.000302 0.000302 0.000302 0.000302 0.997281 0.000302 0.000302 0.000302
0.000302 0.000302 0.000302 0.000302 0.000302 0.000302 0.000302 0.997281 0.000302 0.000302
0.000302 0.000302 0.000302 0.000302 0.000302 0.000302 0.000302 0.997281 0.000302 0.000302
0.000302 0.000302 0.000302 0.000302 0.000302 0.000302 0.000302 0.000302 0.997281 0.000302
0.341692 0.000302 0.655891 0.000302 0.000302 0.000302 0.000302 0.000302 0.000302 0.000302
0.000302 0.000302 0.000302 0.000302 0.997281 0.000302 0.000302 0.000302 0.000302 0.000302
0.000302 0.000302 0.000302 0.997281 0.000302 0.000302 0.000302 0.000302 0.000302 0.000302
0.000302 0.000302 0.000302 0.000302 0.000302 0.000302 0.000302 0.000302 0.000302 0.997281
0.000302 0.997281 0.000302 0.000302 0.000302 0.000302 0.000302 0.000302 0.000302 0.000302
0.000302 0.000302 0.000302 0.000302 0.000302 0.997281 0.000302 0.000302 0.000302 0.000302
0.000302 0.000302 0.000302 0.000302 0.000302 0.000302 0.997281 0.000302 0.000302 0.000302
0.000302 0.000302 0.000302 0.000302 0.000302 0.000302 0.000302 0.997281 0.000302 0.000302
0.000302 0.000302 0.000302 0.000302 0.000302 0.000302 0.000302 0.997281 0.000302 0.000302
0.000302 0.000302 0.000302 0.000302 0.000302 0.000302 0.000302 0.000302 0.997281 0.000302
0.148338 0.000302 0.849245 0.000302 0.000302 0.000302 0.000302 0.000302 0.000302 0.000302
0.000302 0.000302 0.000302 0.000302 0.997281 0.000302 0.000302 0.000302 0.000302 0.000302
0.000302 0.000302 0.000302 0.997281 0.000302 0.000302 0.000302 0.000302 0.000302 0.000302
0.000302 0.000302 0.000302 0.000302 0.000302 0.000302 0.000302 0.000302 0.000302 0.997281
0.000302 0.997281 0.000302 0.000302 0.000302 0.000302 0.000302 0.000302 0.000302 0.000302
0.000302 0.000302 0.000302 0.000302 0.000302 0.997281 0.000302 0.000302 0.000302 0.000302
0.000302 0.000302 0.000302 0.000302 0.000302 0.000302 0.997281 0.000302 0.000302 0.000302
0.000302 0.000302 0.000302 0.000302 0.000302 0.000302 0.000302 0.997281 0.000302 0.000302
0.000302 0.000302 0.000302 0.000302 0.000302 0.000302 0.000302 0.997281 0.000302 0.000302
0.000302 0.000302 0.000302 0.000302 0.000302 0.000302 0.000302 0.000302 0.997281 0.000302
0.081873 0.000302 0.915710 0.000302 0.000302 0.000302 0.000302 0.000302 0.000302 0.000302
0.000302 0.000302 0.000302 0.000302 0.997281 0.000302 0.000302 0.000302 0.000302 0.000302
0.000302 0.000302 0.000302 0.997281 0.000302 0.000302 0.000302 0.000302 0.000302 0.000302
0.000302 0.000302 0.000302 0.000302 0.000302 0.000302 0.000302 0.000302 0.000302 0.997281
0.000302 0.997281 0.000302 0.000302 0.000302 0.000302 0.000302 0.000302 0.000302 0.000302
0.000302 0.000302 0.000302 0.000302 0.000302 0.997281 0.000302 0.000302 0.000302 0.000302
0.000302 0.000302 0.000302 0.000302 0.000302 0.000302 0.997281 0.000302 0.000302 0.000302
0.000302 0.000302 0.000302 0.000302 0.000302 0.000302 0.000302 0.997281 0.000302 0.000302
0.000302 0.000302 0.000302 0.000302 0.000302 0.000302 0.000302 0.997281 0.000302 0.000302
0.000302 0.000302 0.000302 0.000302 0.000302 0.000302 0.000302 0.000302 0.997281 0.000302
0.387009 0.000302 0.610574 0.000302 0.000302 0.000302 0.000302 0.000302 0.000302 0.000302
0.000302 0.000302 0.000302 0.000302 0.997281 0.000302 0.000302 0.000302 0.000302 0.000302
0.000302 0.000302 0.000302 0.997281 0.000302 0.000302 0.000302 0.000302 0.000302 0.000302
0.000302 0.000302 0.000302 0.000302 0.000302 0.000302 0.000302 0.000302 0.000302 0.997281
0.000302 0.997281 0.000302 0.000302 0.000302 0.000302 0.000302 0.000302 0.000302 0.000302
0.000302 0.000302 0.000302 0.000302 0.000302 0.997281 0.000302 0.000302 0.000302 0.000302
0.000302 0.000302 0.000302 0.000302 0.000302 0.000302 0.997281 0.000302 0.000302 0.000302
0.000302 0.000302 0.000302 0.000302 0.000302 0.000302 0.000302 0.997281 0.000302 0.000302
0.000302 0.000302 0.000302 0.000302 0.000302 0.000302 0.000302 0.997281 0.000302 0.000302
0.000302 0.000302 0.000302 0.000302 0.000302 0.000302 0.000302 0.000302 0.997281 0.000302
0.048640 0.000302 0.948943 0.000302 0.000302 0.000302 0.000302 0.000302 0.000302 0.000302
0.000302 0.000302 0.000302 0.000302 0.997281 0.000302 0.000302 0.000302 0.000302 0.000302
0.000302 0.000302 0.000302 0.997281 0.000302 0.000302 0.000302 0.000302 0.000302 0.000302
0.000302 0.000302 0.000302 0.000302 0.000302 0.000302 0.000302 0.000302 0.000302 0.997281
0.000302 0.997281 0.000302 0.000302 0.000302 0.000302 0.000302 0.000302 0.000302 0.000302
0.000302 0.000302 0.000302 0.000302 0.000302 0.997281 0.000302 0.000302 0.000302 0.000302
0.000302 0.000302 0.000302 0.000302 0.000302 0.000302 0.997281 0.000302 0.000302 0.000302
0.000302 0.000302 0.000302 0.000302 0.000302 0.000302 0.000302 0.997281 0.000302 0.000302
0.000302 0.000302 0.000302 0.000302 0.000302 0.000302 0.000302 0.997281 0.000302 0.000302
0.000302 0.000302 0.000302 0.000302 0.000302 0.000302 0.000302 0.000302 0.997281 0.000302
0.223867 0.000302 0.773716 0.000302 0.000302 0.000302 0.000302 0.000302 0.000302 0.000302
0.000302 0.000302 0.000302 0.000302 0.997281 0.000302 0.000302 0.000302 0.000302 0.000302
0.000302 0.000302 0.000302 0.997281 0.000302 0.000302 0.000302 0.000302 0.000302 0.000302
0.000302 0.000302 0.000302 0.000302 0.000302 0.000302 0.000302 0.000302 0.000302 0.997281
0.000302 0.997281 0.000302 0.000302 0.000302 0.000302 0.000302 0.000302 0.000302 0.000302
0.000302 0.000302 0.000302 0.000302 0.000302 0.997281 0.000302 0.000302 0.000302 0.000302
0.000302 0.000302 0.000302 0.000302 0.000302 0.000302 0.997281 0.000302 0.000302 0.000302
0.000302 0.000302 0.000302 0.000302 0.000302 0.000302 0.000302 0.997281 0.000302 0.000302
0.000302 0.000302 0.000302 0.000302 0.000302 0.000302 0.000302 0.997281 0.000302 0.000302
0.000302 0.000302 0.000302 0.000302 0.000302 0.000302 0.000302 0.000302 0.997281 0.000302
0.293353 0.000302 0.704230 0.000302 0.000302 0.000302 0.000302 0.000302 0.000302 0.000302
0.000302 0.000302 0.000302 0.000302 0.997281 0.000302 0.000302 0.000302 0.000302 0.000302
0.000302 0.000302 0.000302 0.997281 0.000302 0.000302 0.000302 0.000302 0.000302 0.000302
0.000302 0.000302 0.000302 0.000302 0.000302 0.000302 0.000302 0.000302 0.000302 0.997281
0.000302 0.997281 0.000302 0.000302 0.000302 0.000302 0.000302 0.000302 0.000302 0.000302
0.000302 0.000302 0.000302 0.000302 0.000302 0.997281 0.000302 0.000302 0.000302 0.000302
0.000302 0.000302 0.000302 0.000302 0.000302 0.000302 0.997281 0.000302 0.000302 0.000302
0.000302 0.000302 0.000302 0.000302 0.000302 0.000302 0.000302 0.997281 0.000302 0.000302
0.000302 0.000302 0.000302 0.000302 0.000302 0.000302 0.000302 0.997281 0.000302 0.000302
0.000302 0.000302 0.000302 0.000302 0.000302 0.000302 0.000302 0.000302 0.997281 0.000302
0.190634 0.000302 0.806949 0.000302 0.000302 0.000302 0.000302 0.000302 0.000302 0.000302
0.000302 0.000302 0.000302 0.000302 0.997281 0.000302 0.000302 0.000302 0.000302 0.000302
0.000302 0.000302 0.000302 0.997281 0.000302 0.000302 0.000302 0.000302 0.000302 0.000302
0.000302 0.000302 0.000302 0.000302 0.000302 0.000302 0.000302 0.000302 0.000302 0.997281
0.000302 0.997281 0.000302 0.000302 0.000302 0.000302 0.000302 0.000302 0.000302 0.000302
0.000302 0.000302 0.000302 0.000302 0.000302 0.997281 0.000302 0.000302 0.000302 0.000302
0.000302 0.000302 0.000302 0.000302 0.000302 0.000302 0.997281 0.000302 0.000302 0.000302
0.000302 0.000302 0.000302 0.000302 0.000302 0.000302 0.000302 0.997281 0.000302 0.000302
0.000302 0.000302 0.000302 0.000302 0.000302 0.000302 0.000302 0.997281 0.000302 0.000302
0.000302 0.000302 0.000302 0.000302 0.000302 0.000302 0.000302 0.000302 0.997281 0.000302
0.151360 0.000302 0.846224 0.000302 0.000302 0.000302 0.000302 0.000302 0.000302 0.000302
0.000302 0.000302 0.000302 0.000302 0.997281 0.000302 0.000302 0.000302 0.000302 0.000302
0.000302 0.000302 0.000302 0.997281 0.000302 0.000302 0.000302 0.000302 0.000302 0.000302
0.000302 0.000302 0.000302 0.000302 0.000302 0.000302 0.000302 0.000302 0.000302 0.997281
0.000302 0.997281 0.000302 0.000302 0.000302 0.000302 0.000302 0.000302 0.000302 0.000302
0.000302 0.000302 0.000302 0.000302 0.000302 0.997281 0.000302 0.000302 0.000302 0.000302
0.000302 0.000302 0.000302 0.000302 0.000302 0.000302 0.997281 0.000302 0.000302 0.000302
0.000302 0.000302 0.000302 0.000302 0.000302 0.000302 0.000302 0.997281 0.000302 0.000302
0.000302 0.000302 0.000302 0.000302 0.000302 0.000302 0.000302 0.997281 0.000302 0.000302
0.000302 0.000302 0.000302 0.000302 0.000302 0.000302 0.000302 0.000302 0.997281 0.000302
0.093958 0.000302 0.903625 0.000302 0.000302 0.000302 0.000302 0.000302 0.000302 0.000302
0.000302 0.000302 0.000302 0.000302 0.997281 0.000302 0.000302 0.000302 0.000302 0.000302
0.000302 0.000302 0.000302 0.997281 0.000302 0.000302 0.000302 0.000302 0.000302 0.000302
0.000302 0.000302 0.000302 0.000302 0.000302 0.000302 0.000302 0.000302 0.000302 0.997281
0.000302 0.997281 0.000302 0.000302 0.000302 0.000302 0.000302 0.000302 0.000302 0.000302
0.000302 0.000302 0.000302 0.000302 0.000302 0.997281 0.000302 0.000302 0.000302 0.000302
0.000302 0.000302 0.000302 0.000302 0.000302 0.000302 0.997281 0.000302 0.000302 0.000302
0.000302 0.000302 0.000302 0.000302 0.000302 0.000302 0.000302 0.997281 0.000302 0.000302
0.000302 0.000302 0.000302 0.000302 0.000302 0.000302 0.000302 0.997281 0.000302 0.000302
0.000302 0.000302 0.000302 0.000302 0.000302 0.000302 0.000302 0.000302 0.997281 0.000302
0.012387 0.000302 0.985196 0.000302 0.000302 0.000302 0.000302 0.000302 0.000302 0.000302
0.000302 0.000302 0.000302 0.000302 0.997281 0.000302 0.000302 0.000302 0.000302 0.000302
0.000302 0.000302 0.000302 0.997281 0.000302 0.000302 0.000302 0.000302 0.000302 0.000302
0.000302 0.000302 0.000302 0.000302 0.000302 0.000302 0.000302 0.000302 0.000302 0.997281
0.000302 0.997281 0.000302 0.000302 0.000302 0.000302 0.000302 0.000302 0.000302 0.000302
0.000302 0.000302 0.000302 0.000302 0.000302 0.997281 0.000302 0.000302 0.000302 0.000302
0.000302 0.000302 0.000302 0.000302 0.000302 0.000302 0.997281 0.000302 0.000302 0.000302
0.000302 0.000302 0.000302 0.000302 0.000302 0.000302 0.000302 0.997281 0.000302 0.000302
0.000302 0.000302 0.000302 0.000302 0.000302 0.000302 0.000302 0.997281 0.000302 0.000302
0.000302 0.000302 0.000302 0.000302 0.000302 0.000302 0.000302 0.000302 0.997281 0.000302
0.066767 0.000302 0.930816 0.000302 0.000302 0.000302 0.000302 0.000302 0.000302 0.000302
0.000302 0.000302 0.000302 0.000302 0.997281 0.000302 0.000302 0.000302 0.000302 0.000302
0.000302 0.000302 0.000302 0.997281 0.000302 0.000302 0.000302 0.000302 0.000302 0.000302
0.000302 0.000302 0.000302 0.000302 0.000302 0.000302 0.000302 0.000302 0.000302 0.997281
0.000302 0.997281 0.000302 0.000302 0.000302 0.000302 0.000302 0.000302 0.000302 0.000302
0.000302 0.000302 0.000302 0.000302 0.000302 0.997281 0.000302 0.000302 0.000302 0.000302
0.000302 0.000302 0.000302 0.000302 0.000302 0.000302 0.997281 0.000302 0.000302 0.000302
0.000302 0.000302 0.000302 0.000302 0.000302 0.000302 0.000302 0.997281 0.000302 0.000302
0.000302 0.000302 0.000302 0.000302 0.000302 0.000302 0.000302 0.997281 0.000302 0.000302
0.000302 0.000302 0.000302 0.000302 0.000302 0.000302 0.000302 0.000302 0.997281 0.000302
0.383988 0.000302 0.613595 0.000302 0.000302 0.000302 0.000302 0.000302 0.000302 0.000302
0.000302 0.000302 0.000302 0.000302 0.997281 0.000302 0.000302 0.000302 0.000302 0.000302
0.000302 0.000302 0.000302 0.997281 0.000302 0.000302 0.000302 0.000302 0.000302 0.000302
0.000302 0.000302 0.000302 0.000302 0.000302 0.000302 0.000302 0.000302 0.000302 0.997281
0.000302 0.997281 0.000302 0.000302 0.000302 0.000302 0.000302 0.000302 0.000302 0.000302
0.000302 0.000302 0.000302 0.000302 0.000302 0.997281 0.000302 0.000302 0.000302 0.000302
0.000302 0.000302 0.000302 0.000302 0.000302 0.000302 0.997281 0.000302 0.000302 0.000302
0.000302 0.000302 0.000302 0.000302 0.000302 0.000302 0.000302 0.997281 0.000302 0.000302
0.000302 0.000302 0.000302 0.000302 0.000302 0.000302 0.000302 0.997281 0.000302 0.000302
0.000302 0.000302 0.000302 0.000302 0.000302 0.000302 0.000302 0.000302 0.997281 0.000302
0.701208 0.000302 0.296375 0.000302 0.000302 0.000302 0.000302 0.000302 0.000302 0.000302
0.000302 0.000302 0.000302 0.000302 0.997281 0.000302 0.000302 0.000302 0.000302 0.000302
0.000302 0.000302 0.000302 0.997281 0.000302 0.000302 0.000302 0.000302 0.000302 0.000302
0.000302 0.000302 0.000302 0.000302 0.000302 0.000302 0.000302 0.000302 0.000302 0.997281
0.000302 0.997281 0.000302 0.000302 0.000302 0.000302 0.000302 0.000302 0.000302 0.000302
0.000302 0.000302 0.000302 0.000302 0.000302 0.997281 0.000302 0.000302 0.000302 0.000302
0.000302 0.000302 0.000302 0.000302 0.000302 0.000302 0.997281 0.000302 0.000302 0.000302
0.000302 0.000302 0.000302 0.000302 0.000302 0.000302 0.000302 0.997281 0.000302 0.000302
0.000302 0.000302 0.000302 0.000302 0.000302 0.000302 0.000302 0.997281 0.000302 0.000302
0.000302 0.000302 0.000302 0.000302 0.000302 0.000302 0.000302 0.000302 0.997281 0.000302
0.640785 0.000302 0.356798 0.000302 0.000302 0.000302 0.000302 0.000302 0.000302 0.000302
0.000302 0.000302 0.000302 0.000302 0.997281 0.000302 0.000302 0.000302 0.000302 0.000302
0.000302 0.000302 0.000302 0.997281 0.000302 0.000302 0.000302 0.000302 0.000302 0.000302
0.000302 0.000302 0.000302 0.000302 0.000302 0.000302 0.000302 0.000302 0.000302 0.997281
0.000302 0.997281 0.000302 0.000302 0.000302 0.000302 0.000302 0.000302 0.000302 0.000302
0.000302 0.000302 0.000302 0.000302 0.000302 0.997281 0.000302 0.000302 0.000302 0.000302
0.000302 0.000302 0.000302 0.000302 0.000302 0.000302 0.997281 0.000302 0.000302 0.000302
0.000302 0.000302 0.000302 0.000302 0.000302 0.000302 0.000302 0.997281 0.000302 0.000302
0.000302 0.000302 0.000302 0.000302 0.000302 0.000302 0.000302 0.997281 0.000302 0.000302
0.000302 0.000302 0.000302 0.000302 0.000302 0.000302 0.000302 0.000302 0.997281 0.000302
0.377946 0.000302 0.619637 0.000302 0.000302 0.000302 0.000302 0.000302 0.000302 0.000302
0.000302 0.000302 0.000302 0.000302 0.997281 0.000302 0.000302 0.000302 0.000302 0.000302
0.000302 0.000302 0.000302 0.997281 0.000302 0.000302 0.000302 0.000302 0.000302 0.000302
0.000302 0.000302 0.000302 0.000302 0.000302 0.000302 0.000302 0.000302 0.000302 0.997281
0.000302 0.997281 0.000302 0.000302 0.000302 0.000302 0.000302 0.000302 0.000302 0.000302
0.000302 0.000302 0.000302 0.000302 0.000302 0.997281 0.000302 0.000302 0.000302 0.000302
0.000302 0.000302 0.000302 0.000302 0.000302 0.000302 0.997281 0.000302 0.000302 0.000302
0.000302 0.000302 0.000302 0.000302 0.000302 0.000302 0.000302 0.997281 0.000302 0.000302
0.000302 0.000302 0.000302 0.000302 0.000302 0.000302 0.000302 0.997281 0.000302 0.000302
0.000302 0.000302 0.000302 0.000302 0.000302 0.000302 0.000302 0.000302 0.997281 0.000302
0.000302 0.000302 0.997281 0.000302 0.000302 0.000302 0.000302 0.000302 0.000302 0.000302
0.000302 0.000302 0.000302 0.000302 0.997281 0.000302 0.000302 0.000302 0.000302 0.000302
0.000302 0.000302 0.000302 0.997281 0.000302 0.000302 0.000302 0.000302 0.000302 0.000302
0.000302 0.000302 0.000302 0.000302 0.000302 0.000302 0.000302 0.000302 0.000302 0.997281
0.000302 0.997281 0.000302 0.000302 0.000302 0.000302 0.000302 0.000302 0.000302 0.000302
0.000302 0.000302 0.000302 0.000302 0.000302 0.997281 0.000302 0.000302 0.000302 0.000302
0.000302 0.000302 0.000302 0.000302 0.000302 0.000302 0.997281 0.000302 0.000302 0.000302
0.000302 0.000302 0.000302 0.000302 0.000302 0.000302 0.000302 0.997281 0.000302 0.000302
0.000302 0.000302 0.000302 0.000302 0.000302 0.000302 0.000302 0.997281 0.000302 0.000302
0.000302 0.000302 0.000302 0.000302 0.000302 0.000302 0.000302 0.000302 0.997281 0.000302
0.187613 0.000302 0.809970 0.000302 0.000302 0.000302 0.000302 0.000302 0.000302 0.000302
0.000302 0.000302 0.000302 0.000302 0.997281 0.000302 0.000302 0.000302 0.000302 0.000302
0.000302 0.000302 0.000302 0.997281 0.000302 0.000302 0.000302 0.000302 0.000302 0.000302
0.000302 0.000302 0.000302 0.000302 0.000302 0.000302 0.000302 0.000302 0.000302 0.997281
0.000302 0.997281 0.000302 0.000302 0.000302 0.000302 0.000302 0.000302 0.000302 0.000302
0.000302 0.000302 0.000302 0.000302 0.000302 0.997281 0.000302 0.000302 0.000302 0.000302
0.000302 0.000302 0.000302 0.000302 0.000302 0.000302 0.997281 0.000302 0.000302 0.000302
0.000302 0.000302 0.000302 0.000302 0.000302 0.000302 0.000302 0.997281 0.000302 0.000302
0.000302 0.000302 0.000302 0.000302 0.000302 0.000302 0.000302 0.997281 0.000302 0.000302
0.000302 0.000302 0.000302 0.000302 0.000302 0.000302 0.000302 0.000302 0.997281 0.000302
0.335650 0.000302 0.661934 0.000302 0.000302 0.000302 0.000302 0.000302 0.000302 0.000302
0.000302 0.000302 0.000302 0.000302 0.997281 0.000302 0.000302 0.000302 0.000302 0.000302
0.000302 0.000302 0.000302 0.997281 0.000302 0.000302 0.000302 0.000302 0.000302 0.000302
0.000302 0.000302 0.000302 0.000302 0.000302 0.000302 0.000302 0.000302 0.000302 0.997281
0.000302 0.997281 0.000302 0.000302 0.000302 0.000302 0.000302 0.000302 0.000302 0.000302
0.000302 0.000302 0.000302 0.000302 0.000302 0.997281 0.000302 0.000302 0.000302 0.000302
0.000302 0.000302 0.000302 0.000302 0.000302 0.000302 0.997281 0.000302 0.000302 0.000302
0.000302 0.000302 0.000302 0.000302 0.000302 0.000302 0.000302 0.997281 0.000302 0.000302
0.000302 0.000302 0.000302 0.000302 0.000302 0.000302 0.000302 0.997281 0.000302 0.000302
0.000302 0.000302 0.000302 0.000302 0.000302 0.000302 0.000302 0.000302 0.997281 0.000302
0.347734 0.000302 0.649849 0.000302 0.000302 0.000302 0.000302 0.000302 0.000302 0.000302
0.000302 0.000302 0.000302 0.000302 0.997281 0.000302 0.000302 0.000302 0.000302 0.000302
0.000302 0.000302 0.000302 0.997281 0.000302 0.000302 0.000302 0.000302 0.000302 0.000302
0.000302 0.000302 0.000302 0.000302 0.000302 0.000302 0.000302 0.000302 0.000302 0.997281
0.000302 0.997281 0.000302 0.000302 0.000302 0.000302 0.000302 0.000302 0.000302 0.000302
0.000302 0.000302 0.000302 0.000302 0.000302 0.997281 0.000302 0.000302 0.000302 0.000302
0.000302 0.000302 0.000302 0.000302 0.000302 0.000302 0.997281 0.000302 0.000302 0.000302
0.000302 0.000302 0.000302 0.000302 0.000302 0.000302 0.000302 0.997281 0.000302 0.000302
0.000302 0.000302 0.000302 0.000302 0.000302 0.000302 0.000302 0.997281 0.000302 0.000302
0.000302 0.000302 0.000302 0.000302 0.000302 0.000302 0.000302 0.000302 0.997281 0.000302
0.021450 0.000302 0.976133 0.000302 0.000302 0.000302 0.000302 0.000302 0.000302 0.000302
0.000302 0.000302 0.000302 0.000302 0.997281 0.000302 0.000302 0.000302 0.000302 0.000302
0.000302 0.000302 0.000302 0.997281 0.000302 0.000302 0.000302 0.000302 0.000302 0.000302
0.000302 0.000302 0.000302 0.000302 0.000302 0.000302 0.000302 0.000302 0.000302 0.997281
0.000302 0.997281 0.000302 0.000302 0.000302 0.000302 0.000302 0.000302 0.000302 0.000302
0.000302 0.000302 0.000302 0.000302 0.000302 0.997281 0.000302 0.000302 0.000302 0.000302
0.000302 0.000302 0.000302 0.000302 0.000302 0.000302 0.997281 0.000302 0.000302 0.000302
0.000302 0.000302 0.000302 0.000302 0.000302 0.000302 0.000302 0.997281 0.000302 0.000302
0.000302 0.000302 0.000302 0.000302 0.000302 0.000302 0.000302 0.997281 0.000302 0.000302
0.000302 0.000302 0.000302 0.000302 0.000302 0.000302 0.000302 0.000302 0.997281 0.000302
0.072810 0.000302 0.924773 0.000302 0.000302 0.000302 0.000302 0.000302 0.000302 0.000302
0.000302 0.000302 0.000302 0.000302 0.997281 0.000302 0.000302 0.000302 0.000302 0.000302
0.000302 0.000302 0.000302 0.997281 0.000302 0.000302 0.000302 0.000302 0.000302 0.000302
0.000302 0.000302 0.000302 0.000302 0.000302 0.000302 0.000302 0.000302 0.000302 0.997281
0.000302 0.997281 0.000302 0.000302 0.000302 0.000302 0.000302 0.000302 0.000302 0.000302
0.000302 0.000302 0.000302 0.000302 0.000302 0.997281 0.000302 0.000302 0.000302 0.000302
0.000302 0.000302 0.000302 0.000302 0.000302 0.000302 0.997281 0.000302 0.000302 0.000302
0.000302 0.000302 0.000302 0.000302 0.000302 0.000302 0.000302 0.997281 0.000302 0.000302
0.000302 0.000302 0.000302 0.000302 0.000302 0.000302 0.000302 0.997281 0.000302 0.000302
0.000302 0.000302 0.000302 0.000302 0.000302 0.000302 0.000302 0.000302 0.997281 0.000302
0.353776 0.000302 0.643807 0.000302 0.000302 0.000302 0.000302 0.000302 0.000302 0.000302
0.000302 0.000302 0.000302 0.000302 0.997281 0.000302 0.000302 0.000302 0.000302 0.000302
0.000302 0.000302 0.000302 0.997281 0.000302 0.000302 0.000302 0.000302 0.000302 0.000302
0.000302 0.000302 0.000302 0.000302 0.000302 0.000302 0.000302 0.000302 0.000302 0.997281
0.000302 0.997281 0.000302 0.000302 0.000302 0.000302 0.000302 0.000302 0.000302 0.000302
0.000302 0.000302 0.000302 0.000302 0.000302 0.997281 0.000302 0.000302 0.000302 0.000302
0.000302 0.000302 0.000302 0.000302 0.000302 0.000302 0.997281 0.000302 0.000302 0.000302
0.000302 0.000302 0.000302 0.000302 0.000302 0.000302 0.000302 0.997281 0.000302 0.000302
0.000302 0.000302 0.000302 0.000302 0.000302 0.000302 0.000302 0.997281 0.000302 0.000302
0.000302 0.000302 0.000302 0.000302 0.000302 0.000302 0.000302 0.000302 0.997281 0.000302
0.211782 0.000302 0.785801 0.000302 0.000302 0.000302 0.000302 0.000302 0.000302 0.000302
0.000302 0.000302 0.000302 0.000302 0.997281 0.000302 0.000302 0.000302 0.000302 0.000302
0.000302 0.000302 0.000302 0.997281 0.000302 0.000302 0.000302 0.000302 0.000302 0.000302
0.000302 0.000302 0.000302 0.000302 0.000302 0.000302 0.000302 0.000302 0.000302 0.997281
0.000302 0.997281 0.000302 0.000302 0.000302 0.000302 0.000302 0.000302 0.000302 0.000302
0.000302 0.000302 0.000302 0.000302 0.000302 0.997281 0.000302 0.000302 0.000302 0.000302
0.000302 0.000302 0.000302 0.000302 0.000302 0.000302 0.997281 0.000302 0.000302 0.000302
0.000302 0.000302 0.000302 0.000302 0.000302 0.000302 0.000302 0.997281 0.000302 0.000302
0.000302 0.000302 0.000302 0.000302 0.000302 0.000302 0.000302 0.997281 0.000302 0.000302
0.000302 0.000302 0.000302 0.000302 0.000302 0.000302 0.000302 0.000302 0.997281 0.000302
0.251057 0.000302 0.746526 0.000302 0.000302 0.000302 0.000302 0.000302 0.000302 0.000302
0.000302 0.000302 0.000302 0.000302 0.997281 0.000302 0.000302 0.000302 0.000302 0.000302
0.000302 0.000302 0.000302 0.997281 0.000302 0.000302 0.000302 0.000302 0.000302 0.000302
0.000302 0.000302 0.000302 0.000302 0.000302 0.000302 0.000302 0.000302 0.000302 0.997281
0.000302 0.997281 0.000302 0.000302 0.000302 0.000302 0.000302 0.000302 0.000302 0.000302
0.000302 0.000302 0.000302 0.000302 0.000302 0.997281 0.000302 0.000302 0.000302 0.000302
0.000302 0.000302 0.000302 0.000302 0.000302 0.000302 0.997281 0.000302 0.000302 0.000302
0.000302 0.000302 0.000302 0.000302 0.000302 0.000302 0.000302 0.997281 0.000302 0.000302
0.000302 0.000302 0.000302 0.000302 0.000302 0.000302 0.000302 0.997281 0.000302 0.000302
0.000302 0.000302 0.000302 0.000302 0.000302 0.000302 0.000302 0.000302 0.997281 0.000302
0.178550 0.000302 0.819033 0.000302 0.000302 0.000302 0.000302 0.000302 0.000302 0.000302
0.000302 0.000302 0.000302 0.000302 0.997281 0.000302 0.000302 0.000302 0.000302 0.000302
0.000302 0.000302 0.000302 0.997281 0.000302 0.000302 0.000302 0.000302 0.000302 0.000302
0.000302 0.000302 0.000302 0.000302 0.000302 0.000302 0.000302 0.000302 0.000302 0.997281
0.000302 0.997281 0.000302 0.000302 0.000302 0.000302 0.000302 0.000302 0.000302 0.000302
0.000302 0.000302 0.000302 0.000302 0.000302 0.997281 0.000302 0.000302 0.000302 0.000302
0.000302 0.000302 0.000302 0.000302 0.000302 0.000302 0.997281 0.000302 0.000302 0.000302
0.000302 0.000302 0.000302 0.000302 0.000302 0.000302 0.000302 0.997281 0.000302 0.000302
0.000302 0.000302 0.000302 0.000302 0.000302 0.000302 0.000302 0.997281 0.000302 0.000302
0.000302 0.000302 0.000302 0.000302 0.000302 0.000302 0.000302 0.000302 0.997281 0.000302
0.000302 0.000302 0.997281 0.000302 0.000302 0.000302 0.000302 0.000302 0.000302 0.000302
0.000302 0.000302 0.000302 0.000302 0.997281 0.000302 0.000302 0.000302 0.000302 0.000302
0.000302 0.000302 0.000302 0.997281 0.000302 0.000302 0.000302 0.000302 0.000302 0.000302
0.000302 0.000302 0.000302 0.000302 0.000302 0.000302 0.000302 0.000302 0.000302 0.997281
0.000302 0.997281 0.000302 0.000302 0.000302 0.000302 0.000302 0.000302 0.000302 0.000302
0.000302 0.000302 0.000302 0.000302 0.000302 0.997281 0.000302 0.000302 0.000302 0.000302
0.000302 0.000302 0.000302 0.000302 0.000302 0.000302 0.997281 0.000302 0.000302 0.000302
0.000302 0.000302 0.000302 0.000302 0.000302 0.000302 0.000302 0.997281 0.000302 0.000302
0.000302 0.000302 0.000302 0.000302 0.000302 0.000302 0.000302 0.997281 0.000302 0.000302
0.000302 0.000302 0.000302 0.000302 0.000302 0.000302 0.000302 0.000302 0.997281 0.000302
0.115106 0.000302 0.882477 0.000302 0.000302 0.000302 0.000302 0.000302 0.000302 0.000302
0.000302 0.000302 0.000302 0.000302 0.997281 0.000302 0.000302 0.000302 0.000302 0.000302
0.000302 0.000302 0.000302 0.997281 0.000302 0.000302 0.000302 0.000302 0.000302 0.000302
0.000302 0.000302 0.000302 0.000302 0.000302 0.000302 0.000302 0.000302 0.000302 0.997281
0.000302 0.997281 0.000302 0.000302 0.000302 0.000302 0.000302 0.000302 0.000302 0.000302
0.000302 0.000302 0.000302 0.000302 0.000302 0.997281 0.000302 0.000302 0.000302 0.000302
0.000302 0.000302 0.000302 0.000302 0.000302 0.000302 0.997281 0.000302 0.000302 0.000302
0.000302 0.000302 0.000302 0.000302 0.000302 0.000302 0.000302 0.997281 0.000302 0.000302
0.000302 0.000302 0.000302 0.000302 0.000302 0.000302 0.000302 0.997281 0.000302 0.000302
0.000302 0.000302 0.000302 0.000302 0.000302 0.000302 0.000302 0.000302 0.997281 0.000302
0.078852 0.000302 0.918731 0.000302 0.000302 0.000302 0.000302 0.000302 0.000302 0.000302
0.000302 0.000302 0.000302 0.000302 0.997281 0.000302 0.000302 0.000302 0.000302 0.000302
0.000302 0.000302 0.000302 0.997281 0.000302 0.000302 0.000302 0.000302 0.000302 0.000302
0.000302 0.000302 0.000302 0.000302 0.000302 0.000302 0.000302 0.000302 0.000302 0.997281
0.000302 0.997281 0.000302 0.000302 0.000302 0.000302 0.000302 0.000302 0.000302 0.000302
0.000302 0.000302 0.000302 0.000302 0.000302 0.997281 0.000302 0.000302 0.000302 0.000302
0.000302 0.000302 0.000302 0.000302 0.000302 0.000302 0.997281 0.000302 0.000302 0.000302
0.000302 0.000302 0.000302 0.000302 0.000302 0.000302 0.000302 0.997281 0.000302 0.000302
0.000302 0.000302 0.000302 0.000302 0.000302 0.000302 0.000302 0.997281 0.000302 0.000302
0.000302 0.000302 0.000302 0.000302 0.000302 0.000302 0.000302 0.000302 0.997281 0.000302
0.299396 0.000302 0.698187 0.000302 0.000302 0.000302 0.000302 0.000302 0.000302 0.000302
0.000302 0.000302 0.000302 0.000302 0.997281 0.000302 0.000302 0.000302 0.000302 0.000302
0.000302 0.000302 0.000302 0.997281 0.000302 0.000302 0.000302 0.000302 0.000302 0.000302
0.000302 0.000302 0.000302 0.000302 0.000302 0.000302 0.000302 0.000302 0.000302 0.997281
0.000302 0.997281 0.000302 0.000302 0.000302 0.000302 0.000302 0.000302 0.000302 0.000302
0.000302 0.000302 0.000302 0.000302 0.000302 0.997281 0.000302 0.000302 0.000302 0.000302
0.000302 0.000302 0.000302 0.000302 0.000302 0.000302 0.997281 0.000302 0.000302 0.000302
0.000302 0.000302 0.000302 0.000302 0.000302 0.000302 0.000302 0.997281 0.000302 0.000302
0.000302 0.000302 0.000302 0.000302 0.000302 0.000302 0.000302 0.997281 0.000302 0.000302
0.000302 0.000302 0.000302 0.000302 0.000302 0.000302 0.000302 0.000302 0.997281 0.000302
0.133233 0.000302 0.864350 0.000302 0.000302 0.000302 0.000302 0.000302 0.000302 0.000302
0.000302 0.000302 0.000302 0.000302 0.997281 0.000302 0.000302 0.000302 0.000302 0.000302
0.000302 0.000302 0.000302 0.997281 0.000302 0.000302 0.000302 0.000302 0.000302 0.000302
0.000302 0.000302 0.000302 0.000302 0.000302 0.000302 0.000302 0.000302 0.000302 0.997281
0.000302 0.997281 0.000302 0.000302 0.000302 0.000302 0.000302 0.000302 0.000302 0.000302
0.000302 0.000302 0.000302 0.000302 0.000302 0.997281 0.000302 0.000302 0.000302 0.000302
0.000302 0.000302 0.000302 0.000302 0.000302 0.000302 0.997281 0.000302 0.000302 0.000302
0.000302 0.000302 0.000302 0.000302 0.000302 0.000302 0.000302 0.997281 0.000302 0.000302
0.000302 0.000302 0.000302 0.000302 0.000302 0.000302 0.000302 0.997281 0.000302 0.000302
0.000302 0.000302 0.000302 0.000302 0.000302 0.000302 0.000302 0.000302 0.997281 0.000302
0.248036 0.000302 0.749547 0.000302 0.000302 0.000302 0.000302 0.000302 0.000302 0.000302
0.000302 0.000302 0.000302 0.000302 0.997281 0.000302 0.000302 0.000302 0.000302 0.000302
0.000302 0.000302 0.000302 0.997281 0.000302 0.000302 0.000302 0.000302 0.000302 0.000302
0.000302 0.000302 0.000302 0.000302 0.000302 0.000302 0.000302 0.000302 0.000302 0.997281
0.000302 0.997281 0.000302 0.000302 0.000302 0.000302 0.000302 0.000302 0.000302 0.000302
0.000302 0.000302 0.000302 0.000302 0.000302 0.997281 0.000302 0.000302 0.000302 0.000302
0.000302 0.000302 0.000302 0.000302 0.000302 0.000302 0.997281 0.000302 0.000302 0.000302
0.000302 0.000302 0.000302 0.000302 0.000302 0.000302 0.000302 0.997281 0.000302 0.000302
0.000302 0.000302 0.000302 0.000302 0.000302 0.000302 0.000302 0.997281 0.000302 0.000302
0.000302 0.000302 0.000302 0.000302 0.000302 0.000302 0.000302 0.000302 0.997281 0.000302
0.275227 0.000302 0.722356 0.000302 0.000302 0.000302 0.000302 0.000302 0.000302 0.000302
0.000302 0.000302 0.000302 0.000302 0.997281 0.000302 0.000302 0.000302 0.000302 0.000302
0.000302 0.000302 0.000302 0.997281 0.000302 0.000302 0.000302 0.000302 0.000302 0.000302
0.000302 0.000302 0.000302 0.000302 0.000302 0.000302 0.000302 0.000302 0.000302 0.997281
0.000302 0.997281 0.000302 0.000302 0.000302 0.000302 0.000302 0.000302 0.000302 0.000302
0.000302 0.000302 0.000302 0.000302 0.000302 0.997281 0.000302 0.000302 0.000302 0.000302
0.000302 0.000302 0.000302 0.000302 0.000302 0.000302 0.997281 0.000302 0.000302 0.000302
0.000302 0.000302 0.000302 0.000302 0.000302 0.000302 0.000302 0.997281 0.000302 0.000302
0.000302 0.000302 0.000302 0.000302 0.000302 0.000302 0.000302 0.997281 0.000302 0.000302
0.000302 0.000302 0.000302 0.000302 0.000302 0.000302 0.000302 0.000302 0.997281 0.000302
0.039577 0.000302 0.958006 0.000302 0.000302 0.000302 0.000302 0.000302 0.000302 0.000302
0.000302 0.000302 0.000302 0.000302 0.997281 0.000302 0.000302 0.000302 0.000302 0.000302
0.000302 0.000302 0.000302 0.997281 0.000302 0.000302 0.000302 0.000302 0.000302 0.000302
0.000302 0.000302 0.000302 0.000302 0.000302 0.000302 0.000302 0.000302 0.000302 0.997281
0.000302 0.997281 0.000302 0.000302 0.000302 0.000302 0.000302 0.000302 0.000302 0.000302
0.000302 0.000302 0.000302 0.000302 0.000302 0.997281 0.000302 0.000302 0.000302 0.000302
0.000302 0.000302 0.000302 0.000302 0.000302 0.000302 0.997281 0.000302 0.000302 0.000302
0.000302 0.000302 0.000302 0.000302 0.000302 0.000302 0.000302 0.997281 0.000302 0.000302
0.000302 0.000302 0.000302 0.000302 0.000302 0.000302 0.000302 0.997281 0.000302 0.000302
0.000302 0.000302 0.000302 0.000302 0.000302 0.000302 0.000302 0.000302 0.997281 0.000302
0.196677 0.000302 0.800906 0.000302 0.000302 0.000302 0.000302 0.000302 0.000302 0.000302
0.000302 0.000302 0.000302 0.000302 0.997281 0.000302 0.000302 0.000302 0.000302 0.000302
0.000302 0.000302 0.000302 0.997281 0.000302 0.000302 0.000302 0.000302 0.000302 0.000302
0.000302 0.000302 0.000302 0.000302 0.000302 0.000302 0.000302 0.000302 0.000302 0.997281
0.000302 0.997281 0.000302 0.000302 0.000302 0.000302 0.000302 0.000302 0.000302 0.000302
0.000302 0.000302 0.000302 0.000302 0.000302 0.997281 0.000302 0.000302 0.000302 0.000302
0.000302 0.000302 0.000302 0.000302 0.000302 0.000302 0.997281 0.000302 0.000302 0.000302
0.000302 0.000302 0.000302 0.000302 0.000302 0.000302 0.000302 0.997281 0.000302 0.000302
0.000302 0.000302 0.000302 0.000302 0.000302 0.000302 0.000302 0.997281 0.000302 0.000302
0.000302 0.000302 0.000302 0.000302 0.000302 0.000302 0.000302 0.000302 0.997281 0.000302
0.115106 0.000302 0.882477 0.000302 0.000302 0.000302 0.000302 0.000302 0.000302 0.000302
0.000302 0.000302 0.000302 0.000302 0.997281 0.000302 0.000302 0.000302 0.000302 0.000302
0.000302 0.000302 0.000302 0.997281 0.000302 0.000302 0.000302 0.000302 0.000302 0.000302
0.000302 0.000302 0.000302 0.000302 0.000302 0.000302 0.000302 0.000302 0.000302 0.997281
0.000302 0.997281 0.000302 0.000302 0.000302 0.000302 0.000302 0.000302 0.000302 0.000302
0.000302 0.000302 0.000302 0.000302 0.000302 0.997281 0.000302 0.000302 0.000302 0.000302
0.000302 0.000302 0.000302 0.000302 0.000302 0.000302 0.997281 0.000302 0.000302 0.000302
0.000302 0.000302 0.000302 0.000302 0.000302 0.000302 0.000302 0.997281 0.000302 0.000302
0.000302 0.000302 0.000302 0.000302 0.000302 0.000302 0.000302 0.997281 0.000302 0.000302
0.000302 0.000302 0.000302 0.000302 0.000302 0.000302 0.000302 0.000302 0.997281 0.000302
0.362840 0.000302 0.634743 0.000302 0.000302 0.000302 0.000302 0.000302 0.000302 0.000302
0.000302 0.000302 0.000302 0.000302 0.997281 0.000302 0.000302 0.000302 0.000302 0.000302
0.000302 0.000302 0.000302 0.997281 0.000302 0.000302 0.000302 0.000302 0.000302 0.000302
0.000302 0.000302 0.000302 0.000302 0.000302 0.000302 0.000302 0.000302 0.000302 0.997281
0.000302 0.997281 0.000302 0.000302 0.000302 0.000302 0.000302 0.000302 0.000302 0.000302
0.000302 0.000302 0.000302 0.000302 0.000302 0.997281 0.000302 0.000302 0.000302 0.000302
0.000302 0.000302 0.000302 0.000302 0.000302 0.000302 0.997281 0.000302 0.000302 0.000302
0.000302 0.000302 0.000302 0.000302 0.000302 0.000302 0.000302 0.997281 0.000302 0.000302
0.000302 0.000302 0.000302 0.000302 0.000302 0.000302 0.000302 0.997281 0.000302 0.000302
0.000302 0.000302 0.000302 0.000302 0.000302 0.000302 0.000302 0.000302 0.997281 0.000302
0.441390 0.000302 0.556193 0.000302 0.000302 0.000302 0.000302 0.000302 0.000302 0.000302
0.000302 0.000302 0.000302 0.000302 0.997281 0.000302 0.000302 0.000302 0.000302 0.000302
0.000302 0.000302 0.000302 0.997281 0.000302 0.000302 0.000302 0.000302 0.000302 0.000302
0.000302 0.000302 0.000302 0.000302 0.000302 0.000302 0.000302 0.000302 0.000302 0.997281
0.000302 0.997281 0.000302 0.000302 0.000302 0.000302 0.000302 0.000302 0.000302 0.000302
0.000302 0.000302 0.000302 0.000302 0.000302 0.997281 0.000302 0.000302 0.000302 0.000302
0.000302 0.000302 0.000302 0.000302 0.000302 0.000302 0.997281 0.000302 0.000302 0.000302
0.000302 0.000302 0.000302 0.000302 0.000302 0.000302 0.000302 0.997281 0.000302 0.000302
0.000302 0.000302 0.000302 0.000302 0.000302 0.000302 0.000302 0.997281 0.000302 0.000302
0.000302 0.000302 0.000302 0.000302 0.000302 0.000302 0.000302 0.000302 0.997281 0.000302
0.027492 0.000302 0.970091 0.000302 0.000302 0.000302 0.000302 0.000302 0.000302 0.000302
0.000302 0.000302 0.000302 0.000302 0.997281 0.000302 0.000302 0.000302 0.000302 0.000302
0.000302 0.000302 0.000302 0.997281 0.000302 0.000302 0.000302 0.000302 0.000302 0.000302
0.000302 0.000302 0.000302 0.000302 0.000302 0.000302 0.000302 0.000302 0.000302 0.997281
0.000302 0.997281 0.000302 0.000302 0.000302 0.000302 0.000302 0.000302 0.000302 0.000302
0.000302 0.000302 0.000302 0.000302 0.000302 0.997281 0.000302 0.000302 0.000302 0.000302
0.000302 0.000302 0.000302 0.000302 0.000302 0.000302 0.997281 0.000302 0.000302 0.000302
0.000302 0.000302 0.000302 0.000302 0.000302 0.000302 0.000302 0.997281 0.000302 0.000302
0.000302 0.000302 0.000302 0.000302 0.000302 0.000302 0.000302 0.997281 0.000302 0.000302
0.000302 0.000302 0.000302 0.000302 0.000302 0.000302 0.000302 0.000302 0.997281 0.000302
0.145317 0.000302 0.852266 0.000302 0.000302 0.000302 0.000302 0.000302 0.000302 0.000302
0.000302 0.000302 0.000302 0.000302 0.997281 0.000302 0.000302 0.000302 0.000302 0.000302
0.000302 0.000302 0.000302 0.997281 0.000302 0.000302 0.000302 0.000302 0.000302 0.000302
0.000302 0.000302 0.000302 0.000302 0.000302 0.000302 0.000302 0.000302 0.000302 0.997281
0.000302 0.997281 0.000302 0.000302 0.000302 0.000302 0.000302 0.000302 0.000302 0.000302
0.000302 0.000302 0.000302 0.000302 0.000302 0.997281 0.000302 0.000302 0.000302 0.000302
0.000302 0.000302 0.000302 0.000302 0.000302 0.000302 0.997281 0.000302 0.000302 0.000302
0.000302 0.000302 0.000302 0.000302 0.000302 0.000302 0.000302 0.997281 0.000302 0.000302
0.000302 0.000302 0.000302 0.000302 0.000302 0.000302 0.000302 0.997281 0.000302 0.000302
0.000302 0.000302 0.000302 0.000302 0.000302 0.000302 0.000302 0.000302 0.997281 0.000302
0.151360 0.000302 0.846224 0.000302 0.000302 0.000302 0.000302 0.000302 0.000302 0.000302
0.000302 0.000302 0.000302 0.000302 0.997281 0.000302 0.000302 0.000302 0.000302 0.000302
0.000302 0.000302 0.000302 0.997281 0.000302 0.000302 0.000302 0.000302 0.000302 0.000302
0.000302 0.000302 0.000302 0.000302 0.000302 0.000302 0.000302 0.000302 0.000302 0.997281
0.000302 0.997281 0.000302 0.000302 0.000302 0.000302 0.000302 0.000302 0.000302 0.000302
0.000302 0.000302 0.000302 0.000302 0.000302 0.997281 0.000302 0.000302 0.000302 0.000302
0.000302 0.000302 0.000302 0.000302 0.000302 0.000302 0.997281 0.000302 0.000302 0.000302
0.000302 0.000302 0.000302 0.000302 0.000302 0.000302 0.000302 0.997281 0.000302 0.000302
0.000302 0.000302 0.000302 0.000302 0.000302 0.000302 0.000302 0.997281 0.000302 0.000302
0.000302 0.000302 0.000302 0.000302 0.000302 0.000302 0.000302 0.000302 0.997281 0.000302
0.387009 0.000302 0.610574 0.000302 0.000302 0.000302 0.000302 0.000302 0.000302 0.000302
0.000302 0.000302 0.000302 0.000302 0.997281 0.000302 0.000302 0.000302 0.000302 0.000302
0.000302 0.000302 0.000302 0.997281 0.000302 0.000302 0.000302 0.000302 0.000302 0.000302
0.000302 0.000302 0.000302 0.000302 0.000302 0.000302 0.000302 0.000302 0.000302 0.997281
0.000302 0.997281 0.000302 0.000302 0.000302 0.000302 0.000302 0.000302 0.000302 0.000302
0.000302 0.000302 0.000302 0.000302 0.000302 0.997281 0.000302 0.000302 0.000302 0.000302
0.000302 0.000302 0.000302 0.000302 0.000302 0.000302 0.997281 0.000302 0.000302 0.000302
0.000302 0.000302 0.000302 0.000302 0.000302 0.000302 0.000302 0.997281 0.000302 0.000302
0.000302 0.000302 0.000302 0.000302 0.000302 0.000302 0.000302 0.997281 0.000302 0.000302
0.000302 0.000302 0.000302 0.000302 0.000302 0.000302 0.000302 0.000302 0.997281 0.000302
0.039577 0.000302 0.958006 0.000302 0.000302 0.000302 0.000302 0.000302 0.000302 0.000302
0.000302 0.000302 0.000302 0.000302 0.997281 0.000302 0.000302 0.000302 0.000302 0.000302
0.000302 0.000302 0.000302 0.997281 0.000302 0.000302 0.000302 0.000302 0.000302 0.000302
0.000302 0.000302 0.000302 0.000302 0.000302 0.000302 0.000302 0.000302 0.000302 0.997281
0.000302 0.997281 0.000302 0.000302 0.000302 0.000302 0.000302 0.000302 0.000302 0.000302
0.000302 0.000302 0.000302 0.000302 0.000302 0.997281 0.000302 0.000302 0.000302 0.000302
0.000302 0.000302 0.000302 0.000302 0.000302 0.000302 0.997281 0.000302 0.000302 0.000302
0.000302 0.000302 0.000302 0.000302 0.000302 0.000302 0.000302 0.997281 0.000302 0.000302
0.000302 0.000302 0.000302 0.000302 0.000302 0.000302 0.000302 0.997281 0.000302 0.000302
0.000302 0.000302 0.000302 0.000302 0.000302 0.000302 0.000302 0.000302 0.997281 0.000302
0.257100 0.000302 0.740483 0.000302 0.000302 0.000302 0.000302 0.000302 0.000302 0.000302
0.000302 0.000302 0.000302 0.000302 0.997281 0.000302 0.000302 0.000302 0.000302 0.000302
0.000302 0.000302 0.000302 0.997281 0.000302 0.000302 0.000302 0.000302 0.000302 0.000302
0.000302 0.000302 0.000302 0.000302 0.000302 0.000302 0.000302 0.000302 0.000302 0.997281
0.000302 0.997281 0.000302 0.000302 0.000302 0.000302 0.000302 0.000302 0.000302 0.000302
0.000302 0.000302 0.000302 0.000302 0.000302 0.997281 0.000302 0.000302 0.000302 0.000302
0.000302 0.000302 0.000302 0.000302 0.000302 0.000302 0.997281 0.000302 0.000302 0.000302
0.000302 0.000302 0.000302 0.000302 0.000302 0.000302 0.000302 0.997281 0.000302 0.000302
0.000302 0.000302 0.000302 0.000302 0.000302 0.000302 0.000302 0.997281 0.000302 0.000302
0.000302 0.000302 0.000302 0.000302 0.000302 0.000302 0.000302 0.000302 0.997281 0.000302
0.456495 0.000302 0.541088 0.000302 0.000302 0.000302 0.000302 0.000302 0.000302 0.000302
0.000302 0.000302 0.000302 0.000302 0.997281 0.000302 0.000302 0.000302 0.000302 0.000302
0.000302 0.000302 0.000302 0.997281 0.000302 0.000302 0.000302 0.000302 0.000302 0.000302
0.000302 0.000302 0.000302 0.000302 0.000302 0.000302 0.000302 0.000302 0.000302 0.997281
0.000302 0.997281 0.000302 0.000302 0.000302 0.000302 0.000302 0.000302 0.000302 0.000302
0.000302 0.000302 0.000302 0.000302 0.000302 0.997281 0.000302 0.000302 0.000302 0.000302
0.000302 0.000302 0.000302 0.000302 0.000302 0.000302 0.997281 0.000302 0.000302 0.000302
0.000302 0.000302 0.000302 0.000302 0.000302 0.000302 0.000302 0.997281 0.000302 0.000302
0.000302 0.000302 0.000302 0.000302 0.000302 0.000302 0.000302 0.997281 0.000302 0.000302
0.000302 0.000302 0.000302 0.000302 0.000302 0.000302 0.000302 0.000302 0.997281 0.000302
0.133233 0.000302 0.864350 0.000302 0.000302 0.000302 0.000302 0.000302 0.000302 0.000302
0.000302 0.000302 0.000302 0.000302 0.997281 0.000302 0.000302 0.000302 0.000302 0.000302
0.000302 0.000302 0.000302 0.997281 0.000302 0.000302 0.000302 0.000302 0.000302 0.000302
0.000302 0.000302 0.000302 0.000302 0.000302 0.000302 0.000302 0.000302 0.000302 0.997281
0.000302 0.997281 0.000302 0.000302 0.000302 0.000302 0.000302 0.000302 0.000302 0.000302
0.000302 0.000302 0.000302 0.000302 0.000302 0.997281 0.000302 0.000302 0.000302 0.000302
0.000302 0.000302 0.000302 0.000302 0.000302 0.000302 0.997281 0.000302 0.000302 0.000302
0.000302 0.000302 0.000302 0.000302 0.000302 0.000302 0.000302 0.997281 0.000302 0.000302
0.000302 0.000302 0.000302 0.000302 0.000302 0.000302 0.000302 0.997281 0.000302 0.000302
0.000302 0.000302 0.000302 0.000302 0.000302 0.000302 0.000302 0.000302 0.997281 0.000302
0.217825 0.000302 0.779758 0.000302 0.000302 0.000302 0.000302 0.000302 0.000302 0.000302
0.000302 0.000302 0.000302 0.000302 0.997281 0.000302 0.000302 0.000302 0.000302 0.000302
0.000302 0.000302 0.000302 0.997281 0.000302 0.000302 0.000302 0.000302 0.000302 0.000302
0.000302 0.000302 0.000302 0.000302 0.000302 0.000302 0.000302 0.000302 0.000302 0.997281
0.000302 0.997281 0.000302 0.000302 0.000302 0.000302 0.000302 0.000302 0.000302 0.000302
0.000302 0.000302 0.000302 0.000302 0.000302 0.997281 0.000302 0.000302 0.000302 0.000302
0.000302 0.000302 0.000302 0.000302 0.000302 0.000302 0.997281 0.000302 0.000302 0.000302
0.000302 0.000302 0.000302 0.000302 0.000302 0.000302 0.000302 0.997281 0.000302 0.000302
0.000302 0.000302 0.000302 0.000302 0.000302 0.000302 0.000302 0.997281 0.000302 0.000302
0.000302 0.000302 0.000302 0.000302 0.000302 0.000302 0.000302 0.000302 0.997281 0.000302
0.084894 0.000302 0.912689 0.000302 0.000302 0.000302 0.000302 0.000302 0.000302 0.000302
0.000302 0.000302 0.000302 0.000302 0.997281 0.000302 0.000302 0.000302 0.000302 0.000302
0.000302 0.000302 0.000302 0.997281 0.000302 0.000302 0.000302 0.000302 0.000302 0.000302
0.000302 0.000302 0.000302 0.000302 0.000302 0.000302 0.000302 0.000302 0.000302 0.997281
0.000302 0.997281 0.000302 0.000302 0.000302 0.000302 0.000302 0.000302 0.000302 0.000302
0.000302 0.000302 0.000302 0.000302 0.000302 0.997281 0.000302 0.000302 0.000302 0.000302
0.000302 0.000302 0.000302 0.000302 0.000302 0.000302 0.997281 0.000302 0.000302 0.000302
0.000302 0.000302 0.000302 0.000302 0.000302 0.000302 0.000302 0.997281 0.000302 0.000302
0.000302 0.000302 0.000302 0.000302 0.000302 0.000302 0.000302 0.997281 0.000302 0.000302
0.000302 0.000302 0.000302 0.000302 0.000302 0.000302 0.000302 0.000302 0.997281 0.000302
0.341692 0.000302 0.655891 0.000302 0.000302 0.000302 0.000302 0.000302 0.000302 0.000302
0.000302 0.000302 0.000302 0.000302 0.997281 0.000302 0.000302 0.000302 0.000302 0.000302
0.000302 0.000302 0.000302 0.997281 0.000302 0.000302 0.000302 0.000302 0.000302 0.000302
0.000302 0.000302 0.000302 0.000302 0.000302 0.000302 0.000302 0.000302 0.000302 0.997281
0.000302 0.997281 0.000302 0.000302 0.000302 0.000302 0.000302 0.000302 0.000302 0.000302
0.000302 0.000302 0.000302 0.000302 0.000302 0.997281 0.000302 0.000302 0.000302 0.000302
0.000302 0.000302 0.000302 0.000302 0.000302 0.000302 0.997281 0.000302 0.000302 0.000302
0.000302 0.000302 0.000302 0.000302 0.000302 0.000302 0.000302 0.997281 0.000302 0.000302
0.000302 0.000302 0.000302 0.000302 0.000302 0.000302 0.000302 0.997281 0.000302 0.000302
0.000302 0.000302 0.000302 0.000302 0.000302 0.000302 0.000302 0.000302 0.997281 0.000302
0.266163 0.000302 0.731420 0.000302 0.000302 0.000302 0.000302 0.000302 0.000302 0.000302
0.000302 0.000302 0.000302 0.000302 0.997281 0.000302 0.000302 0.000302 0.000302 0.000302
0.000302 0.000302 0.000302 0.997281 0.000302 0.000302 0.000302 0.000302 0.000302 0.000302
0.000302 0.000302 0.000302 0.000302 0.000302 0.000302 0.000302 0.000302 0.000302 0.997281
0.000302 0.997281 0.000302 0.000302 0.000302 0.000302 0.000302 0.000302 0.000302 0.000302
0.000302 0.000302 0.000302 0.000302 0.000302 0.997281 0.000302 0.000302 0.000302 0.000302
0.000302 0.000302 0.000302 0.000302 0.000302 0.000302 0.997281 0.000302 0.000302 0.000302
0.000302 0.000302 0.000302 0.000302 0.000302 0.000302 0.000302 0.997281 0.000302 0.000302
0.000302 0.000302 0.000302 0.000302 0.000302 0.000302 0.000302 0.997281 0.000302 0.000302
0.000302 0.000302 0.000302 0.000302 0.000302 0.000302 0.000302 0.000302 0.997281 0.000302
0.208761 0.000302 0.788822 0.000302 0.000302 0.000302 0.000302 0.000302 0.000302 0.000302
0.000302 0.000302 0.000302 0.000302 0.997281 0.000302 0.000302 0.000302 0.000302 0.000302
0.000302 0.000302 0.000302 0.997281 0.000302 0.000302 0.000302 0.000302 0.000302 0.000302
0.000302 0.000302 0.000302 0.000302 0.000302 0.000302 0.000302 0.000302 0.000302 0.997281
0.000302 0.997281 0.000302 0.000302 0.000302 0.000302 0.000302 0.000302 0.000302 0.000302
0.000302 0.000302 0.000302 0.000302 0.000302 0.997281 0.000302 0.000302 0.000302 0.000302
0.000302 0.000302 0.000302 0.000302 0.000302 0.000302 0.997281 0.000302 0.000302 0.000302
0.000302 0.000302 0.000302 0.000302 0.000302 0.000302 0.000302 0.997281 0.000302 0.000302
0.000302 0.000302 0.000302 0.000302 0.000302 0.000302 0.000302 0.997281 0.000302 0.000302
0.000302 0.000302 0.000302 0.000302 0.000302 0.000302 0.000302 0.000302 0.997281 0.000302
0.151360 0.000302 0.846224 0.000302 0.000302 0.000302 0.000302 0.000302 0.000302 0.000302
0.000302 0.000302 0.000302 0.000302 0.997281 0.000302 0.000302 0.000302 0.000302 0.000302
0.000302 0.000302 0.000302 0.997281 0.000302 0.000302 0.000302 0.000302 0.000302 0.000302
0.000302 0.000302 0.000302 0.000302 0.000302 0.000302 0.000302 0.000302 0.000302 0.997281
0.000302 0.997281 0.000302 0.000302 0.000302 0.000302 0.000302 0.000302 0.000302 0.000302
0.000302 0.000302 0.000302 0.000302 0.000302 0.997281 0.000302 0.000302 0.000302 0.000302
0.000302 0.000302 0.000302 0.000302 0.000302 0.000302 0.997281 0.000302 0.000302 0.000302
0.000302 0.000302 0.000302 0.000302 0.000302 0.000302 0.000302 0.997281 0.000302 0.000302
0.000302 0.000302 0.000302 0.000302 0.000302 0.000302 0.000302 0.997281 0.000302 0.000302
0.000302 0.000302 0.000302 0.000302 0.000302 0.000302 0.000302 0.000302 0.997281 0.000302
0.550151 0.000302 0.447432 0.000302 0.000302 0.000302 0.000302 0.000302 0.000302 0.000302
0.000302 0.000302 0.000302 0.000302 0.997281 0.000302 0.000302 0.000302 0.000302 0.000302
0.000302 0.000302 0.000302 0.997281 0.000302 0.000302 0.000302 0.000302 0.000302 0.000302
0.000302 0.000302 0.000302 0.000302 0.000302 0.000302 0.000302 0.000302 0.000302 0.997281
0.000302 0.997281 0.000302 0.000302 0.000302 0.000302 0.000302 0.000302 0.000302 0.000302
0.000302 0.000302 0.000302 0.000302 0.000302 0.997281 0.000302 0.000302 0.000302 0.000302
0.000302 0.000302 0.000302 0.000302 0.000302 0.000302 0.997281 0.000302 0.000302 0.000302
0.000302 0.000302 0.000302 0.000302 0.000302 0.000302 0.000302 0.997281 0.000302 0.000302
0.000302 0.000302 0.000302 0.000302 0.000302 0.000302 0.000302 0.997281 0.000302 0.000302
0.000302 0.000302 0.000302 0.000302 0.000302 0.000302 0.000302 0.000302 0.997281 0.000302
0.595468 0.000302 0.402115 0.000302 0.000302 0.000302 0.000302 0.000302 0.000302 0.000302
0.000302 0.000302 0.000302 0.000302 0.997281 0.000302 0.000302 0.000302 0.000302 0.000302
0.000302 0.000302 0.000302 0.997281 0.000302 0.000302 0.000302 0.000302 0.000302 0.000302
0.000302 0.000302 0.000302 0.000302 0.000302 0.000302 0.000302 0.000302 0.000302 0.997281
0.000302 0.997281 0.000302 0.000302 0.000302 0.000302 0.000302 0.000302 0.000302 0.000302
0.000302 0.000302 0.000302 0.000302 0.000302 0.997281 0.000302 0.000302 0.000302 0.000302
0.000302 0.000302 0.000302 0.000302 0.000302 0.000302 0.997281 0.000302 0.000302 0.000302
0.000302 0.000302 0.000302 0.000302 0.000302 0.000302 0.000302 0.997281 0.000302 0.000302
0.000302 0.000302 0.000302 0.000302 0.000302 0.000302 0.000302 0.997281 0.000302 0.000302
0.000302 0.000302 0.000302 0.000302 0.000302 0.000302 0.000302 0.000302 0.997281 0.000302
0.350755 0.000302 0.646828 0.000302 0.000302 0.000302 0.000302 0.000302 0.000302 0.000302
0.000302 0.000302 0.000302 0.000302 0.997281 0.000302 0.000302 0.000302 0.000302 0.000302
0.000302 0.000302 0.000302 0.997281 0.000302 0.000302 0.000302 0.000302 0.000302 0.000302
0.000302 0.000302 0.000302 0.000302 0.000302 0.000302 0.000302 0.000302 0.000302 0.997281
0.000302 0.997281 0.000302 0.000302 0.000302 0.000302 0.000302 0.000302 0.000302 0.000302
0.000302 0.000302 0.000302 0.000302 0.000302 0.997281 0.000302 0.000302 0.000302 0.000302
0.000302 0.000302 0.000302 0.000302 0.000302 0.000302 0.997281 0.000302 0.000302 0.000302
0.000302 0.000302 0.000302 0.000302 0.000302 0.000302 0.000302 0.997281 0.000302 0.000302
0.000302 0.000302 0.000302 0.000302 0.000302 0.000302 0.000302 0.997281 0.000302 0.000302
0.000302 0.000302 0.000302 0.000302 0.000302 0.000302 0.000302 0.000302 0.997281 0.000302
0.232931 0.000302 0.764653 0.000302 0.000302 0.000302 0.000302 0.000302 0.000302 0.000302
0.000302 0.000302 0.000302 0.000302 0.997281 0.000302 0.000302 0.000302 0.000302 0.000302
0.000302 0.000302 0.000302 0.997281 0.000302 0.000302 0.000302 0.000302 0.000302 0.000302
0.000302 0.000302 0.000302 0.000302 0.000302 0.000302 0.000302 0.000302 0.000302 0.997281
0.000302 0.997281 0.000302 0.000302 0.000302 0.000302 0.000302 0.000302 0.000302 0.000302
0.000302 0.000302 0.000302 0.000302 0.000302 0.997281 0.000302 0.000302 0.000302 0.000302
0.000302 0.000302 0.000302 0.000302 0.000302 0.000302 0.997281 0.000302 0.000302 0.000302
0.000302 0.000302 0.000302 0.000302 0.000302 0.000302 0.000302 0.997281 0.000302 0.000302
0.000302 0.000302 0.000302 0.000302 0.000302 0.000302 0.000302 0.997281 0.000302 0.000302
0.000302 0.000302 0.000302 0.000302 0.000302 0.000302 0.000302 0.000302 0.997281 0.000302
0.272205 0.000302 0.725378 0.000302 0.000302 0.000302 0.000302 0.000302 0.000302 0.000302
0.000302 0.000302 0.000302 0.000302 0.997281 0.000302 0.000302 0.000302 0.000302 0.000302
0.000302 0.000302 0.000302 0.997281 0.000302 0.000302 0.000302 0.000302 0.000302 0.000302
0.000302 0.000302 0.000302 0.000302 0.000302 0.000302 0.000302 0.000302 0.000302 0.997281
0.000302 0.997281 0.000302 0.000302 0.000302 0.000302 0.000302 0.000302 0.000302 0.000302
0.000302 0.000302 0.000302 0.000302 0.000302 0.997281 0.000302 0.000302 0.000302 0.000302
0.000302 0.000302 0.000302 0.000302 0.000302 0.000302 0.997281 0.000302 0.000302 0.000302
0.000302 0.000302 0.000302 0.000302 0.000302 0.000302 0.000302 0.997281 0.000302 0.000302
0.000302 0.000302 0.000302 0.000302 0.000302 0.000302 0.000302 0.997281 0.000302 0.000302
0.000302 0.000302 0.000302 0.000302 0.000302 0.000302 0.000302 0.000302 0.997281 0.000302
0.296375 0.000302 0.701208 0.000302 0.000302 0.000302 0.000302 0.000302 0.000302 0.000302
0.000302 0.000302 0.000302 0.000302 0.997281 0.000302 0.000302 0.000302 0.000302 0.000302
0.000302 0.000302 0.000302 0.997281 0.000302 0.000302 0.000302 0.000302 0.000302 0.000302
0.000302 0.000302 0.000302 0.000302 0.000302 0.000302 0.000302 0.000302 0.000302 0.997281
0.000302 0.997281 0.000302 0.000302 0.000302 0.000302 0.000302 0.000302 0.000302 0.000302
0.000302 0.000302 0.000302 0.000302 0.000302 0.997281 0.000302 0.000302 0.000302 0.000302
0.000302 0.000302 0.000302 0.000302 0.000302 0.000302 0.997281 0.000302 0.000302 0.000302
0.000302 0.000302 0.000302 0.000302 0.000302 0.000302 0.000302 0.997281 0.000302 0.000302
0.000302 0.000302 0.000302 0.000302 0.000302 0.000302 0.000302 0.997281 0.000302 0.000302
0.000302 0.000302 0.000302 0.000302 0.000302 0.000302 0.000302 0.000302 0.997281 0.000302
0.021450 0.000302 0.976133 0.000302 0.000302 0.000302 0.000302 0.000302 0.000302 0.000302
0.000302 0.000302 0.000302 0.000302 0.997281 0.000302 0.000302 0.000302 0.000302 0.000302
0.000302 0.000302 0.000302 0.997281 0.000302 0.000302 0.000302 0.000302 0.000302 0.000302
0.000302 0.000302 0.000302 0.000302 0.000302 0.000302 0.000302 0.000302 0.000302 0.997281
0.000302 0.997281 0.000302 0.000302 0.000302 0.000302 0.000302 0.000302 0.000302 0.000302
0.000302 0.000302 0.000302 0.000302 0.000302 0.997281 0.000302 0.000302 0.000302 0.000302
0.000302 0.000302 0.000302 0.000302 0.000302 0.000302 0.997281 0.000302 0.000302 0.000302
0.000302 0.000302 0.000302 0.000302 0.000302 0.000302 0.000302 0.997281 0.000302 0.000302
0.000302 0.000302 0.000302 0.000302 0.000302 0.000302 0.000302 0.997281 0.000302 0.000302
0.000302 0.000302 0.000302 0.000302 0.000302 0.000302 0.000302 0.000302 0.997281 0.000302
0.124169 0.000302 0.873414 0.000302 0.000302 0.000302 0.000302 0.000302 0.000302 0.000302
0.000302 0.000302 0.000302 0.000302 0.997281 0.000302 0.000302 0.000302 0.000302 0.000302
0.000302 0.000302 0.000302 0.997281 0.000302 0.000302 0.000302 0.000302 0.000302 0.000302
0.000302 0.000302 0.000302 0.000302 0.000302 0.000302 0.000302 0.000302 0.000302 0.997281
0.000302 0.997281 0.000302 0.000302 0.000302 0.000302 0.000302 0.000302 0.000302 0.000302
0.000302 0.000302 0.000302 0.000302 0.000302 0.997281 0.000302 0.000302 0.000302 0.000302
0.000302 0.000302 0.000302 0.000302 0.000302 0.000302 0.997281 0.000302 0.000302 0.000302
0.000302 0.000302 0.000302 0.000302 0.000302 0.000302 0.000302 0.997281 0.000302 0.000302
0.000302 0.000302 0.000302 0.000302 0.000302 0.000302 0.000302 0.997281 0.000302 0.000302
0.000302 0.000302 0.000302 0.000302 0.000302 0.000302 0.000302 0.000302 0.997281 0.000302
0.504834 0.000302 0.492749 0.000302 0.000302 0.000302 0.000302 0.000302 0.000302 0.000302
0.000302 0.000302 0.000302 0.000302 0.997281 0.000302 0.000302 0.000302 0.000302 0.000302
0.000302 0.000302 0.000302 0.997281 0.000302 0.000302 0.000302 0.000302 0.000302 0.000302
0.000302 0.000302 0.000302 0.000302 0.000302 0.000302 0.000302 0.000302 0.000302 0.997281
0.000302 0.997281 0.000302 0.000302 0.000302 0.000302 0.000302 0.000302 0.000302 0.000302
0.000302 0.000302 0.000302 0.000302 0.000302 0.997281 0.000302 0.000302 0.000302 0.000302
0.000302 0.000302 0.000302 0.000302 0.000302 0.000302 0.997281 0.000302 0.000302 0.000302
0.000302 0.000302 0.000302 0.000302 0.000302 0.000302 0.000302 0.997281 0.000302 0.000302
0.000302 0.000302 0.000302 0.000302 0.000302 0.000302 0.000302 0.997281 0.000302 0.000302
0.000302 0.000302 0.000302 0.000302 0.000302 0.000302 0.000302 0.000302 0.997281 0.000302
0.012387 0.000302 0.985196 0.000302 0.000302 0.000302 0.000302 0.000302 0.000302 0.000302
0.000302 0.000302 0.000302 0.000302 0.997281 0.000302 0.000302 0.000302 0.000302 0.000302
0.000302 0.000302 0.000302 0.997281 0.000302 0.000302 0.000302 0.000302 0.000302 0.000302
0.000302 0.000302 0.000302 0.000302 0.000302 0.000302 0.000302 0.000302 0.000302 0.997281
0.000302 0.997281 0.000302 0.000302 0.000302 0.000302 0.000302 0.000302 0.000302 0.000302
0.000302 0.000302 0.000302 0.000302 0.000302 0.997281 0.000302 0.000302 0.000302 0.000302
0.000302 0.000302 0.000302 0.000302 0.000302 0.000302 0.997281 0.000302 0.000302 0.000302
0.000302 0.000302 0.000302 0.000302 0.000302 0.000302 0.000302 0.997281 0.000302 0.000302
0.000302 0.000302 0.000302 0.000302 0.000302 0.000302 0.000302 0.997281 0.000302 0.000302
0.000302 0.000302 0.000302 0.000302 0.000302 0.000302 0.000302 0.000302 0.997281 0.000302
0.024471 0.000302 0.973112 0.000302 0.000302 0.000302 0.000302 0.000302 0.000302 0.000302
0.000302 0.000302 0.000302 0.000302 0.997281 0.000302 0.000302 0.000302 0.000302 0.000302
0.000302 0.000302 0.000302 0.997281 0.000302 0.000302 0.000302 0.000302 0.000302 0.000302
0.000302 0.000302 0.000302 0.000302 0.000302 0.000302 0.000302 0.000302 0.000302 0.997281
0.000302 0.997281 0.000302 0.000302 0.000302 0.000302 0.000302 0.000302 0.000302 0.000302
0.000302 0.000302 0.000302 0.000302 0.000302 0.997281 0.000302 0.000302 0.000302 0.000302
0.000302 0.000302 0.000302 0.000302 0.000302 0.000302 0.997281 0.000302 0.000302 0.000302
0.000302 0.000302 0.000302 0.000302 0.000302 0.000302 0.000302 0.997281 0.000302 0.000302
0.000302 0.000302 0.000302 0.000302 0.000302 0.000302 0.000302 0.997281 0.000302 0.000302
0.000302 0.000302 0.000302 0.000302 0.000302 0.000302 0.000302 0.000302 0.997281 0.000302
0.151360 0.000302 0.846224 0.000302 0.000302 0.000302 0.000302 0.000302 0.000302 0.000302
0.000302 0.000302 0.000302 0.000302 0.997281 0.000302 0.000302 0.000302 0.000302 0.000302
0.000302 0.000302 0.000302 0.997281 0.000302 0.000302 0.000302 0.000302 0.000302 0.000302
0.000302 0.000302 0.000302 0.000302 0.000302 0.000302 0.000302 0.000302 0.000302 0.997281
0.000302 0.997281 0.000302 0.000302 0.000302 0.000302 0.000302 0.000302 0.000302 0.000302
0.000302 0.000302 0.000302 0.000302 0.000302 0.997281 0.000302 0.000302 0.000302 0.000302
0.000302 0.000302 0.000302 0.000302 0.000302 0.000302 0.997281 0.000302 0.000302 0.000302
0.000302 0.000302 0.000302 0.000302 0.000302 0.000302 0.000302 0.997281 0.000302 0.000302
0.000302 0.000302 0.000302 0.000302 0.000302 0.000302 0.000302 0.997281 0.000302 0.000302
0.000302 0.000302 0.000302 0.000302 0.000302 0.000302 0.000302 0.000302 0.997281 0.000302
0.199698 0.000302 0.797885 0.000302 0.000302 0.000302 0.000302 0.000302 0.000302 0.000302
0.000302 0.000302 0.000302 0.000302 0.997281 0.000302 0.000302 0.000302 0.000302 0.000302
0.000302 0.000302 0.000302 0.997281 0.000302 0.000302 0.000302 0.000302 0.000302 0.000302
0.000302 0.000302 0.000302 0.000302 0.000302 0.000302 0.000302 0.000302 0.000302 0.997281
0.000302 0.997281 0.000302 0.000302 0.000302 0.000302 0.000302 0.000302 0.000302 0.000302
0.000302 0.000302 0.000302 0.000302 0.000302 0.997281 0.000302 0.000302 0.000302 0.000302
0.000302 0.000302 0.000302 0.000302 0.000302 0.000302 0.997281 0.000302 0.000302 0.000302
0.000302 0.000302 0.000302 0.000302 0.000302 0.000302 0.000302 0.997281 0.000302 0.000302
0.000302 0.000302 0.000302 0.000302 0.000302 0.000302 0.000302 0.997281 0.000302 0.000302
0.000302 0.000302 0.000302 0.000302 0.000302 0.000302 0.000302 0.000302 0.997281 0.000302
0.109063 0.000302 0.888520 0.000302 0.000302 0.000302 0.000302 0.000302 0.000302 0.000302
0.000302 0.000302 0.000302 0.000302 0.997281 0.000302 0.000302 0.000302 0.000302 0.000302
0.000302 0.000302 0.000302 0.997281 0.000302 0.000302 0.000302 0.000302 0.000302 0.000302
0.000302 0.000302 0.000302 0.000302 0.000302 0.000302 0.000302 0.000302 0.000302 0.997281
0.000302 0.997281 0.000302 0.000302 0.000302 0.000302 0.000302 0.000302 0.000302 0.000302
0.000302 0.000302 0.000302 0.000302 0.000302 0.997281 0.000302 0.000302 0.000302 0.000302
0.000302 0.000302 0.000302 0.000302 0.000302 0.000302 0.997281 0.000302 0.000302 0.000302
0.000302 0.000302 0.000302 0.000302 0.000302 0.000302 0.000302 0.997281 0.000302 0.000302
0.000302 0.000302 0.000302 0.000302 0.000302 0.000302 0.000302 0.997281 0.000302 0.000302
0.000302 0.000302 0.000302 0.000302 0.000302 0.000302 0.000302 0.000302 0.997281 0.000302
0.504834 0.000302 0.492749 0.000302 0.000302 0.000302 0.000302 0.000302 0.000302 0.000302
0.000302 0.000302 0.000302 0.000302 0.997281 0.000302 0.000302 0.000302 0.000302 0.000302
0.000302 0.000302 0.000302 0.997281 0.000302 0.000302 0.000302 0.000302 0.000302 0.000302
0.000302 0.000302 0.000302 0.000302 0.000302 0.000302 0.000302 0.000302 0.000302 0.997281
0.000302 0.997281 0.000302 0.000302 0.000302 0.000302 0.000302 0.000302 0.000302 0.000302
0.000302 0.000302 0.000302 0.000302 0.000302 0.997281 0.000302 0.000302 0.000302 0.000302
0.000302 0.000302 0.000302 0.000302 0.000302 0.000302 0.997281 0.000302 0.000302 0.000302
0.000302 0.000302 0.000302 0.000302 0.000302 0.000302 0.000302 0.997281 0.000302 0.000302
0.000302 0.000302 0.000302 0.000302 0.000302 0.000302 0.000302 0.997281 0.000302 0.000302
0.000302 0.000302 0.000302 0.000302 0.000302 0.000302 0.000302 0.000302 0.997281 0.000302
0.468580 0.000302 0.529003 0.000302 0.000302 0.000302 0.000302 0.000302 0.000302 0.000302
0.000302 0.000302 0.000302 0.000302 0.997281 0.000302 0.000302 0.000302 0.000302 0.000302
0.000302 0.000302 0.000302 0.997281 0.000302 0.000302 0.000302 0.000302 0.000302 0.000302
0.000302 0.000302 0.000302 0.000302 0.000302 0.000302 0.000302 0.000302 0.000302 0.997281
0.000302 0.997281 0.000302 0.000302 0.000302 0.000302 0.000302 0.000302 0.000302 0.000302
0.000302 0.000302 0.000302 0.000302 0.000302 0.997281 0.000302 0.000302 0.000302 0.000302
0.000302 0.000302 0.000302 0.000302 0.000302 0.000302 0.997281 0.000302 0.000302 0.000302
0.000302 0.000302 0.000302 0.000302 0.000302 0.000302 0.000302 0.997281 0.000302 0.000302
0.000302 0.000302 0.000302 0.000302 0.000302 0.000302 0.000302 0.997281 0.000302 0.000302
0.000302 0.000302 0.000302 0.000302 0.000302 0.000302 0.000302 0.000302 0.997281 0.000302
0.042598 0.000302 0.954985 0.000302 0.000302 0.000302 0.000302 0.000302 0.000302 0.000302
0.000302 0.000302 0.000302 0.000302 0.997281 0.000302 0.000302 0.000302 0.000302 0.000302
0.000302 0.000302 0.000302 0.997281 0.000302 0.000302 0.000302 0.000302 0.000302 0.000302
0.000302 0.000302 0.000302 0.000302 0.000302 0.000302 0.000302 0.000302 0.000302 0.997281
0.000302 0.997281 0.000302 0.000302 0.000302 0.000302 0.000302 0.000302 0.000302 0.000302
0.000302 0.000302 0.000302 0.000302 0.000302 0.997281 0.000302 0.000302 0.000302 0.000302
0.000302 0.000302 0.000302 0.000302 0.000302 0.000302 0.997281 0.000302 0.000302 0.000302
0.000302 0.000302 0.000302 0.000302 0.000302 0.000302 0.000302 0.997281 0.000302 0.000302
0.000302 0.000302 0.000302 0.000302 0.000302 0.000302 0.000302 0.997281 0.000302 0.000302
0.000302 0.000302 0.000302 0.000302 0.000302 0.000302 0.000302 0.000302 0.997281 0.000302
0.248036 0.000302 0.749547 0.000302 0.000302 0.000302 0.000302 0.000302 0.000302 0.000302
0.000302 0.000302 0.000302 0.000302 0.997281 0.000302 0.000302 0.000302 0.000302 0.000302
0.000302 0.000302 0.000302 0.997281 0.000302 0.000302 0.000302 0.000302 0.000302 0.000302
0.000302 0.000302 0.000302 0.000302 0.000302 0.000302 0.000302 0.000302 0.000302 0.997281
0.000302 0.997281 0.000302 0.000302 0.000302 0.000302 0.000302 0.000302 0.000302 0.000302
0.000302 0.000302 0.000302 0.000302 0.000302 0.997281 0.000302 0.000302 0.000302 0.000302
0.000302 0.000302 0.000302 0.000302 0.000302 0.000302 0.997281 0.000302 0.000302 0.000302
0.000302 0.000302 0.000302 0.000302 0.000302 0.000302 0.000302 0.997281 0.000302 0.000302
0.000302 0.000302 0.000302 0.000302 0.000302 0.000302 0.000302 0.997281 0.000302 0.000302
0.000302 0.000302 0.000302 0.000302 0.000302 0.000302 0.000302 0.000302 0.997281 0.000302
0.338671 0.000302 0.658912 0.000302 0.000302 0.000302 0.000302 0.000302 0.000302 0.000302
0.000302 0.000302 0.000302 0.000302 0.997281 0.000302 0.000302 0.000302 0.000302 0.000302
0.000302 0.000302 0.000302 0.997281 0.000302 0.000302 0.000302 0.000302 0.000302 0.000302
0.000302 0.000302 0.000302 0.000302 0.000302 0.000302 0.000302 0.000302 0.000302 0.997281
0.000302 0.997281 0.000302 0.000302 0.000302 0.000302 0.000302 0.000302 0.000302 0.000302
0.000302 0.000302 0.000302 0.000302 0.000302 0.997281 0.000302 0.000302 0.000302 0.000302
0.000302 0.000302 0.000302 0.000302 0.000302 0.000302 0.997281 0.000302 0.000302 0.000302
0.000302 0.000302 0.000302 0.000302 0.000302 0.000302 0.000302 0.997281 0.000302 0.000302
0.000302 0.000302 0.000302 0.000302 0.000302 0.000302 0.000302 0.997281 0.000302 0.000302
0.000302 0.000302 0.000302 0.000302 0.000302 0.000302 0.000302 0.000302 0.997281 0.000302
0.069789 0.000302 0.927795 0.000302 0.000302 0.000302 0.000302 0.000302 0.000302 0.000302
0.000302 0.000302 0.000302 0.000302 0.997281 0.000302 0.000302 0.000302 0.000302 0.000302
0.000302 0.000302 0.000302 0.997281 0.000302 0.000302 0.000302 0.000302 0.000302 0.000302
0.000302 0.000302 0.000302 0.000302 0.000302 0.000302 0.000302 0.000302 0.000302 0.997281
0.000302 0.997281 0.000302 0.000302 0.000302 0.000302 0.000302 0.000302 0.000302 0.000302
0.000302 0.000302 0.000302 0.000302 0.000302 0.997281 0.000302 0.000302 0.000302 0.000302
0.000302 0.000302 0.000302 0.000302 0.000302 0.000302 0.997281 0.000302 0.000302 0.000302
0.000302 0.000302 0.000302 0.000302 0.000302 0.000302 0.000302 0.997281 0.000302 0.000302
0.000302 0.000302 0.000302 0.000302 0.000302 0.000302 0.000302 0.997281 0.000302 0.000302
0.000302 0.000302 0.000302 0.000302 0.000302 0.000302 0.000302 0.000302 0.997281 0.000302
0.435347 0.000302 0.562236 0.000302 0.000302 0.000302 0.000302 0.000302 0.000302 0.000302
0.000302 0.000302 0.000302 0.000302 0.997281 0.000302 0.000302 0.000302 0.000302 0.000302
0.000302 0.000302 0.000302 0.997281 0.000302 0.000302 0.000302 0.000302 0.000302 0.000302
0.000302 0.000302 0.000302 0.000302 0.000302 0.000302 0.000302 0.000302 0.000302 0.997281
0.000302 0.997281 0.000302 0.000302 0.000302 0.000302 0.000302 0.000302 0.000302 0.000302
0.000302 0.000302 0.000302 0.000302 0.000302 0.997281 0.000302 0.000302 0.000302 0.000302
0.000302 0.000302 0.000302 0.000302 0.000302 0.000302 0.997281 0.000302 0.000302 0.000302
0.000302 0.000302 0.000302 0.000302 0.000302 0.000302 0.000302 0.997281 0.000302 0.000302
0.000302 0.000302 0.000302 0.000302 0.000302 0.000302 0.000302 0.997281 0.000302 0.000302
0.000302 0.000302 0.000302 0.000302 0.000302 0.000302 0.000302 0.000302 0.997281 0.000302
0.245015 0.000302 0.752568 0.000302 0.000302 0.000302 0.000302 0.000302 0.000302 0.000302
0.000302 0.000302 0.000302 0.000302 0.997281 0.000302 0.000302 0.000302 0.000302 0.000302
0.000302 0.000302 0.000302 0.997281 0.000302 0.000302 0.000302 0.000302 0.000302 0.000302
0.000302 0.000302 0.000302 0.000302 0.000302 0.000302 0.000302 0.000302 0.000302 0.997281
0.000302 0.997281 0.000302 0.000302 0.000302 0.000302 0.000302 0.000302 0.000302 0.000302
0.000302 0.000302 0.000302 0.000302 0.000302 0.997281 0.000302 0.000302 0.000302 0.000302
0.000302 0.000302 0.000302 0.000302 0.000302 0.000302 0.997281 0.000302 0.000302 0.000302
0.000302 0.000302 0.000302 0.000302 0.000302 0.000302 0.000302 0.997281 0.000302 0.000302
0.000302 0.000302 0.000302 0.000302 0.000302 0.000302 0.000302 0.997281 0.000302 0.000302
0.000302 0.000302 0.000302 0.000302 0.000302 0.000302 0.000302 0.000302 0.997281 0.000302
0.296375 0.000302 0.701208 0.000302 0.000302 0.000302 0.000302 0.000302 0.000302 0.000302
0.000302 0.000302 0.000302 0.000302 0.997281 0.000302 0.000302 0.000302 0.000302 0.000302
0.000302 0.000302 0.000302 0.997281 0.000302 0.000302 0.000302 0.000302 0.000302 0.000302
0.000302 0.000302 0.000302 0.000302 0.000302 0.000302 0.000302 0.000302 0.000302 0.997281
0.000302 0.997281 0.000302 0.000302 0.000302 0.000302 0.000302 0.000302 0.000302 0.000302
0.000302 0.000302 0.000302 0.000302 0.000302 0.997281 0.000302 0.000302 0.000302 0.000302
0.000302 0.000302 0.000302 0.000302 0.000302 0.000302 0.997281 0.000302 0.000302 0.000302
0.000302 0.000302 0.000302 0.000302 0.000302 0.000302 0.000302 0.997281 0.000302 0.000302
0.000302 0.000302 0.000302 0.000302 0.000302 0.000302 0.000302 0.997281 0.000302 0.000302
0.000302 0.000302 0.000302 0.000302 0.000302 0.000302 0.000302 0.000302 0.997281 0.000302
0.226888 0.000302 0.770695 0.000302 0.000302 0.000302 0.000302 0.000302 0.000302 0.000302
0.000302 0.000302 0.000302 0.000302 0.997281 0.000302 0.000302 0.000302 0.000302 0.000302
0.000302 0.000302 0.000302 0.997281 0.000302 0.000302 0.000302 0.000302 0.000302 0.000302
0.000302 0.000302 0.000302 0.000302 0.000302 0.000302 0.000302 0.000302 0.000302 0.997281
0.000302 0.997281 0.000302 0.000302 0.000302 0.000302 0.000302 0.000302 0.000302 0.000302
0.000302 0.000302 0.000302 0.000302 0.000302 0.997281 0.000302 0.000302 0.000302 0.000302
0.000302 0.000302 0.000302 0.000302 0.000302 0.000302 0.997281 0.000302 0.000302 0.000302
0.000302 0.000302 0.000302 0.000302 0.000302 0.000302 0.000302 0.997281 0.000302 0.000302
0.000302 0.000302 0.000302 0.000302 0.000302 0.000302 0.000302 0.997281 0.000302 0.000302
0.000302 0.000302 0.000302 0.000302 0.000302 0.000302 0.000302 0.000302 0.997281 0.000302
0.075831 0.000302 0.921752 0.000302 0.000302 0.000302 0.000302 0.000302 0.000302 0.000302
0.000302 0.000302 0.000302 0.000302 0.997281 0.000302 0.000302 0.000302 0.000302 0.000302
0.000302 0.000302 0.000302 0.997281 0.000302 0.000302 0.000302 0.000302 0.000302 0.000302
0.000302 0.000302 0.000302 0.000302 0.000302 0.000302 0.000302 0.000302 0.000302 0.997281
0.000302 0.997281 0.000302 0.000302 0.000302 0.000302 0.000302 0.000302 0.000302 0.000302
0.000302 0.000302 0.000302 0.000302 0.000302 0.997281 0.000302 0.000302 0.000302 0.000302
0.000302 0.000302 0.000302 0.000302 0.000302 0.000302 0.997281 0.000302 0.000302 0.000302
0.000302 0.000302 0.000302 0.000302 0.000302 0.000302 0.000302 0.997281 0.000302 0.000302
0.000302 0.000302 0.000302 0.000302 0.000302 0.000302 0.000302 0.997281 0.000302 0.000302
0.000302 0.000302 0.000302 0.000302 0.000302 0.000302 0.000302 0.000302 0.997281 0.000302
0.163444 0.000302 0.834139 0.000302 0.000302 0.000302 0.000302 0.000302 0.000302 0.000302
0.000302 0.000302 0.000302 0.000302 0.997281 0.000302 0.000302 0.000302 0.000302 0.000302
0.000302 0.000302 0.000302 0.997281 0.000302 0.000302 0.000302 0.000302 0.000302 0.000302
0.000302 0.000302 0.000302 0.000302 0.000302 0.000302 0.000302 0.000302 0.000302 0.997281
0.000302 0.997281 0.000302 0.000302 0.000302 0.000302 0.000302 0.000302 0.000302 0.000302
0.000302 0.000302 0.000302 0.000302 0.000302 0.997281 0.000302 0.000302 0.000302 0.000302
0.000302 0.000302 0.000302 0.000302 0.000302 0.000302 0.997281 0.000302 0.000302 0.000302
0.000302 0.000302 0.000302 0.000302 0.000302 0.000302 0.000302 0.997281 0.000302 0.000302
0.000302 0.000302 0.000302 0.000302 0.000302 0.000302 0.000302 0.997281 0.000302 0.000302
0.000302 0.000302 0.000302 0.000302 0.000302 0.000302 0.000302 0.000302 0.997281 0.000302
0.365861 0.000302 0.631722 0.000302 0.000302 0.000302 0.000302 0.000302 0.000302 0.000302
0.000302 0.000302 0.000302 0.000302 0.997281 0.000302 0.000302 0.000302 0.000302 0.000302
0.000302 0.000302 0.000302 0.997281 0.000302 0.000302 0.000302 0.000302 0.000302 0.000302
0.000302 0.000302 0.000302 0.000302 0.000302 0.000302 0.000302 0.000302 0.000302 0.997281
0.000302 0.997281 0.000302 0.000302 0.000302 0.000302 0.000302 0.000302 0.000302 0.000302
0.000302 0.000302 0.000302 0.000302 0.000302 0.997281 0.000302 0.000302 0.000302 0.000302
0.000302 0.000302 0.000302 0.000302 0.000302 0.000302 0.997281 0.000302 0.000302 0.000302
0.000302 0.000302 0.000302 0.000302 0.000302 0.000302 0.000302 0.997281 0.000302 0.000302
0.000302 0.000302 0.000302 0.000302 0.000302 0.000302 0.000302 0.997281 0.000302 0.000302
0.000302 0.000302 0.000302 0.000302 0.000302 0.000302 0.000302 0.000302 0.997281 0.000302
0.081873 0.000302 0.915710 0.000302 0.000302 0.000302 0.000302 0.000302 0.000302 0.000302
0.000302 0.000302 0.000302 0.000302 0.997281 0.000302 0.000302 0.000302 0.000302 0.000302
0.000302 0.000302 0.000302 0.997281 0.000302 0.000302 0.000302 0.000302 0.000302 0.000302
0.000302 0.000302 0.000302 0.000302 0.000302 0.000302 0.000302 0.000302 0.000302 0.997281
0.000302 0.997281 0.000302 0.000302 0.000302 0.000302 0.000302 0.000302 0.000302 0.000302
0.000302 0.000302 0.000302 0.000302 0.000302 0.997281 0.000302 0.000302 0.000302 0.000302
0.000302 0.000302 0.000302 0.000302 0.000302 0.000302 0.997281 0.000302 0.000302 0.000302
