0.0028607845306396484
0.00507664680480957
0.002897500991821289
0.002722501754760742
0.0024967193603515625
0.0020155906677246094
0.0017044544219970703
0.0024976730346679688
0.0031769275665283203
0.0026702880859375
0.0029294490814208984
0.0024576187133789062
0.0031709671020507812
0.0028104782104492188
0.0025336742401123047
0.0031392574310302734
0.0024492740631103516
0.0032377243041992188
0.0025305747985839844
0.0025339126586914062
0.0024955272674560547
0.0024328231811523438
0.002615690231323242
0.005240678787231445
0.0025300979614257812
0.0024759769439697266
0.0024733543395996094
0.0028798580169677734
0.0011799335479736328
0.0012853145599365234
0.0013828277587890625
0.0014357566833496094
0.001405954360961914
0.003081798553466797
0.003014087677001953
0.0051801204681396484
0.004393577575683594
0.0039055347442626953
0.004023551940917969
0.007483482360839844
0.0042171478271484375
0.004653453826904297
0.0043125152587890625
0.004724979400634766
0.00487828254699707
0.004145383834838867
0.0033257007598876953
0.0037424564361572266
0.003274679183959961
0.0033593177795410156
0.003487825393676758
0.0034193992614746094
0.00399327278137207
0.0031876564025878906
0.010884284973144531
0.005211353302001953
0.005296945571899414
0.004520416259765625
0.0053827762603759766
0.0042989253997802734
0.0056056976318359375
0.006940126419067383
0.00611424446105957
0.005864381790161133
0.004431247711181641
0.0039212703704833984
0.004579305648803711
0.004229068756103516
0.004326820373535156
0.004682064056396484
0.004271268844604492
0.004488229751586914
0.005208492279052734
0.005051612854003906
0.004626750946044922
0.004317760467529297
0.0051805973052978516
0.005021572113037109
0.004142045974731445
0.004556417465209961
0.005133152008056641
0.00929117202758789
0.005128383636474609
0.005126237869262695
0.006732940673828125
0.005617856979370117
0.0073969364166259766
0.007111072540283203
0.006594657897949219
