4.680997767225293371e-01 4.582397446837682513e-04 4.695595331504209824e-04 4.578990645744758134e-04 5.270653520533074426e-02 7.500110217924303713e-02 3.117065824280772224e-02 1.102902364022801673e-01 5.184777673622370563e-04 1.722772923459942318e-01 3.706540634504702780e-02 4.624411862979600362e-04 4.892305347302316337e-02 1.610437485088943776e-03 4.888843025868204852e-04
3.007006568806527280e-01 1.721423403500357135e-02 7.688509314626805480e-02 3.715475542849767509e-03 5.857776294658331023e-02 4.930442365854949965e-02 3.412420412710381185e-02 1.226958698061364067e-01 4.126087312977524263e-02 1.071822057065291017e-01 3.458952248838096516e-02 3.588332571266844573e-02 5.896601217860400479e-02 1.899981027219649343e-02 3.990053036869849884e-02
4.148046648915866275e-01 2.292320610541438014e-02 3.697788481328449783e-02 5.009173342131387034e-03 7.725891555377449593e-02 3.483263800874769611e-02 3.426176491693111448e-02 1.188377742204335813e-01 3.568533308401130449e-02 7.118545706714052290e-02 3.354533327336210041e-02 2.672725318218322280e-02 6.197137674713314170e-02 1.387177088588670108e-02 1.210745390797889065e-02
3.400641685787934576e-01 3.630298666977216371e-02 3.386191825500543817e-02 7.458377427976710036e-03 9.724789583462759013e-02 4.132476428665789875e-02 3.532075537515264735e-02 1.555912844945706863e-01 4.019131831137653238e-02 6.572530052850428239e-02 4.659405210195245728e-02 1.983890400897312875e-02 4.823349234367686755e-02 2.134607899050277799e-02 1.089870279245719852e-02
3.260678044950553467e-01 3.949974928983095157e-02 2.497600433741846773e-02 7.995904296288899524e-03 9.596923526194221787e-02 3.622949448103090359e-02 4.531767376866499553e-02 1.582028759067703738e-01 5.029022135553710970e-02 6.611678395272864439e-02 4.874280315969139327e-02 2.323535824884865458e-02 6.072530315700121889e-02 9.821483489439742851e-03 6.809304799751008871e-03
3.620287344726577650e-01 3.665138458558930140e-02 3.088662739503413718e-02 7.506300664571635174e-03 9.445252162797040940e-02 3.582982447835795364e-02 3.337298690708169480e-02 1.560037255783979782e-01 3.759618588167507741e-02 5.913118372942983286e-02 4.602957736823014984e-02 2.213414970753431119e-02 5.722002293399573031e-02 1.309770191087356560e-02 8.059072758600384356e-03
2.920747632627909707e-01 3.251521817623527488e-02 8.070294694130795976e-02 6.720020960439393974e-03 9.030215187219232942e-02 3.510328633435011447e-02 3.493778960965028546e-02 1.381386647451704475e-01 3.287457674523904666e-02 4.901823044401404372e-02 4.085320358498326088e-02 4.959194890483248352e-02 4.872135261409932250e-02 3.770874133968587366e-02 3.073710446500912616e-02
3.479716086830041966e-01 3.386850563486619448e-02 4.375894651280096831e-02 7.068575440402687093e-03 9.119069755621457551e-02 4.440742869782293711e-02 3.885200822875954640e-02 1.342096551021481343e-01 2.886181546441637588e-02 5.565876608191790142e-02 4.138493776763263465e-02 2.379345821554273641e-02 8.586170431942477532e-02 1.175641272716849463e-02 1.135547956787762852e-02
3.898022749378924900e-01 2.881841333901345378e-02 3.327042936226943387e-02 6.164794527121012120e-03 8.274109917960548177e-02 3.830266928261456122e-02 3.627355433333068896e-02 1.303276030131171881e-01 3.061895394329275030e-02 6.326022299055862608e-02 3.561930140032105313e-02 2.446156421532599476e-02 8.175245740489946178e-02 8.190623939380588248e-03 1.039603813125722365e-02
4.085278682670759887e-01 1.677071483427106449e-02 3.970253914252704075e-02 4.126786883185111325e-03 6.097200980768766043e-02 3.225480138863211221e-02 4.924697212089776399e-02 8.802279705216420336e-02 4.551393666225468648e-02 7.846078249650488556e-02 2.113304820673953671e-02 3.128965786942013855e-02 1.008599641467761848e-01 1.023919119705944333e-02 1.287892992480399977e-02
4.273379346609083029e-01 2.172655335907922036e-02 3.029784074686638073e-02 4.661525485612644411e-03 7.654469759045492983e-02 2.533390708018765092e-02 3.454387306689393755e-02 1.147733091243545583e-01 2.725672193493925907e-02 7.100856485196564705e-02 2.862235787122529782e-02 2.800018078834644666e-02 7.251391184089298059e-02 2.270597520199754693e-02 1.467264639627498084e-02
4.384676160087405128e-01 2.103217658841557286e-02 2.709767628880017931e-02 4.531968183198434655e-03 7.674035887985616866e-02 2.516399458864105459e-02 3.402850528995707280e-02 1.114838142515301445e-01 4.182204132571095551e-02 6.858545587405388833e-02 2.773796099382525374e-02 2.268294554079903005e-02 6.933865334101528555e-02 1.980816232204023197e-02 1.147867052341593891e-02
6.055013449825401572e-01 2.605306043546404705e-03 5.084809824723997979e-02 1.098210018408698248e-03 3.490680003694252020e-02 1.147839263720940375e-02 1.588771143638843114e-02 7.901185286166184651e-02 3.079835284568530757e-02 5.339584922008311363e-02 7.213092250632708105e-03 1.456416230353236273e-02 5.313477271047756245e-02 2.828189954224909208e-02 1.127415486340204061e-02
5.879910966080500456e-01 3.182411168480290924e-03 3.990480379542467315e-02 1.442125933753346826e-03 4.645961314221156574e-02 1.774134991486042701e-02 1.881796726846741291e-02 8.245830679003501862e-02 3.822932690746525669e-02 6.128020237727698633e-02 7.292331026888213864e-03 1.885213958893808620e-02 4.624294158940782384e-02 1.528425941702485184e-02 1.482112447171582414e-02
3.420900705529758001e-01 7.431980729468420921e-03 3.847683320831002396e-02 4.070845617785786089e-03 8.261307262794394257e-02 2.097923381193161213e-02 3.452993502311385576e-02 3.770991782753148336e-02 4.118221024683125370e-02 2.128552102161490878e-01 9.821174031570609197e-03 2.526004484999561789e-02 5.866105493362472334e-02 7.319787017689431685e-02 1.112054614587336399e-02
5.213657353849969756e-01 3.438520455727687389e-03 6.809677055623823694e-02 1.522101924863871998e-03 3.111351512584671977e-02 9.795712841101908430e-03 2.986124032746774112e-02 5.748766762901823257e-02 4.808637431614211366e-02 7.764837298928883857e-02 7.522089064484554881e-03 3.095686318796051634e-02 5.897744554651580123e-02 3.942656113459393902e-02 1.470102951575262377e-02
3.715331888779112024e-01 3.797560880335800956e-03 8.764685458909503291e-02 1.778478400185298748e-03 3.599288909830955507e-02 3.691242630715962231e-02 5.371596249891999464e-02 4.052205656378647658e-02 5.474468918589861510e-02 7.478824541391593250e-02 9.512786706330898789e-03 4.567604882264299226e-02 1.529355098466357865e-01 7.901236333157521385e-03 2.254206647571500161e-02
4.277997300515585244e-01 2.042049213591537026e-03 6.369055951290351902e-02 1.674900158404543605e-03 4.687050968269107498e-02 3.868354776363971959e-02 4.811257910665256432e-02 4.319888355439603644e-02 6.219374573543420132e-02 7.937140581369528380e-02 8.720590590840624975e-03 3.952726170394439686e-02 1.002270487095915930e-01 1.649450548606612443e-02 2.139268291658986965e-02
4.608846203265598018e-01 3.676377287844005345e-03 5.680345425905199142e-02 2.135872733135218797e-03 4.944757046946378354e-02 3.714424826770158783e-02 4.389615822647226911e-02 5.052233302634400597e-02 5.380604491034445686e-02 7.891048780874496127e-02 7.275641368164963152e-03 3.159785920952290494e-02 9.281397174143271589e-02 1.099503486902662051e-02 2.009032549619040736e-02
4.477201309849114796e-01 3.317193137342065636e-03 6.346468904591415217e-02 2.159798409846151040e-03 5.786058655967028785e-02 3.439661481419797190e-02 3.899322624966933964e-02 4.069847355306163011e-02 3.982160991168429837e-02 9.383746157262549958e-02 1.003387441592293837e-02 3.192832584680388441e-02 9.237808085237164679e-02 1.966952401907950954e-02 2.372041062689884613e-02
3.412775848192640682e-01 3.875478194203023797e-03 3.914979792796355329e-02 2.726947719633214962e-03 6.136027402923286550e-02 1.584885906933841335e-02 1.852239454564370835e-02 4.404062213875842985e-02 5.277936802737775990e-02 2.023183471162165181e-01 7.050520638691409880e-03 2.679067377616385290e-02 8.165563692347731217e-02 5.714108037971773330e-02 4.546241469431794302e-02
4.230709925370534918e-01 2.137438832099461568e-03 2.702433249234840670e-02 7.813409897764936720e-04 2.947454293688536037e-02 2.089869543177302197e-02 1.609501396917825677e-02 6.315041360740419885e-02 6.108331621021712010e-02 1.192069880657580516e-01 1.243657019284408020e-02 1.408832477178512989e-02 9.676168854713322609e-02 3.744816363650563945e-02 7.634217777923774095e-02
4.021498179849856136e-01 3.225888750180225337e-03 3.274508425507515613e-02 2.230022749232922572e-03 5.346430033738106685e-02 2.086811150109032370e-02 2.969438432217804194e-02 5.413025449998699196e-02 4.000893363946313175e-02 1.615969314427896653e-01 9.959923599109882231e-03 2.045378825329665501e-02 7.325096178585688289e-02 5.652393665726124922e-02 3.969766022211226181e-02
3.515141474995419069e-01 4.067408413586628274e-03 2.947240570873905369e-02 2.986625930360417742e-03 6.856965899841402368e-02 1.831288866364934320e-02 1.628476522272367943e-02 4.908186111069307717e-02 4.004885123925264884e-02 2.103007659287238762e-01 7.612174415206128357e-03 2.694617326623595724e-02 7.503479752747992115e-02 5.733428521453342447e-02 4.243319086085976105e-02
3.468445032230638159e-01 4.470252253826982949e-03 4.678586677621407452e-02 2.176618897141724147e-03 4.540779345828760416e-02 1.829421090300636585e-02 2.306114634542195951e-02 5.615828726771213836e-02 6.767136042246570116e-02 1.656830824605406427e-01 7.603982937792211523e-03 3.578232298138196016e-02 8.191872393269744590e-02 4.866398059664408388e-02 4.947786754380305990e-02
2.770877059274498011e-01 7.417157295689171675e-03 1.205901434106493031e-01 2.713114827941575519e-03 5.020108105636787721e-02 3.070693934431241445e-02 2.047478716360659479e-02 5.776314088849178463e-02 3.634879544267181906e-02 1.336286688592881466e-01 1.385166722952818619e-02 7.178040000630064865e-02 5.975859066138523162e-02 5.007574644968635497e-02 6.760206143663083367e-02
3.698013678207456856e-01 3.529657203249319999e-03 6.369605555325914825e-02 2.146999619873673354e-03 5.488574998937733457e-02 3.213043333958209846e-02 4.278753292609321218e-02 4.145296494660345027e-02 2.313919185588578231e-02 1.551057205487971768e-01 7.451070498145606971e-03 4.339532901650371144e-02 4.677805099140841527e-02 7.440692294351775038e-02 3.929295274695743245e-02
3.645699734386294577e-01 5.432872410628687351e-03 8.858595461709624364e-02 2.485515661253362603e-03 6.375822309855158632e-02 3.435449108555359982e-02 1.549584630030008056e-02 4.686453386131239629e-02 4.373976420184585295e-02 1.387652187929759584e-01 1.064114271255063929e-02 5.955100134696272862e-02 4.387960622046659792e-02 3.928324109728654340e-02 4.259261515458595548e-02
2.919140168701505056e-01 8.886726214384358530e-03 8.024446428772935569e-02 3.633134777028708840e-03 6.913954078277816107e-02 3.440486722739029279e-02 1.760187951803853998e-02 6.088133226698255740e-02 2.573168526301082906e-02 1.543599978964366182e-01 1.393807087436366166e-02 4.704782290216340951e-02 8.030445666290204898e-02 5.260276004712159670e-02 5.930924440951904075e-02
4.062615074896057665e-01 6.215410474163894985e-03 6.144656096306095466e-02 2.464113938581294697e-03 5.282762110353951546e-02 3.280615452112296826e-02 2.288479492385194630e-02 7.285562537293804874e-02 5.212938979897273339e-02 9.603466699604355783e-02 1.576900056521039067e-02 5.516724929756906121e-02 6.352453414337015658e-02 2.343645964855885916e-02 3.617691076341057049e-02
3.006415121077083974e-01 9.617643646703618113e-03 1.221244219761984523e-01 3.261907212813467891e-03 6.215310612965567472e-02 4.810051506397645255e-02 3.156993062386830029e-02 6.492308271429188260e-02 2.364089543590876946e-02 8.371873210195822368e-02 1.823369420728413945e-02 7.181638520338033682e-02 9.137506334952791298e-02 2.152109623970367008e-02 4.730201398702046922e-02
2.763341558210475890e-01 7.467433618831514561e-03 9.512632791712660740e-02 2.566427306336569857e-03 4.252916959999984703e-02 2.224786551754187602e-02 2.412405187729244060e-02 6.277320317665341376e-02 1.050762847965089758e-01 9.672358788279437902e-02 3.019669681529155852e-02 1.170375368777754888e-01 6.220852304386138842e-02 2.632104673420733801e-02 2.926768901473129209e-02
5.050051848104015750e-01 3.368186931319442582e-03 7.323112170582195268e-02 1.713812441285908744e-03 3.572781629908289985e-02 1.594437842468783562e-02 2.440457615142311437e-02 6.348495585730515312e-02 2.708476404957382150e-02 9.228920488180629433e-02 8.236701364046599208e-03 3.358722645729807221e-02 7.832022495390250638e-02 2.151487170444884092e-02 1.608697396759557058e-02
4.481906615666673144e-01 3.583124732704836505e-03 6.923236054716570831e-02 1.155927530606771147e-03 3.991288893421566369e-02 2.333895880132152295e-02 2.501402906866634704e-02 5.787176071350583900e-02 5.437839499290312434e-02 5.874978988989224687e-02 1.082914730341376364e-02 3.416208869204070964e-02 9.319786223923792745e-02 5.455249023349210968e-02 2.583051475416575649e-02
3.381347706508884832e-01 4.043610286011046009e-03 1.025981168353306272e-01 1.389399541597440869e-03 3.170202066013109998e-02 3.380259387614802796e-02 4.114702096971203232e-02 3.474460916089715939e-02 5.953229397969639347e-02 5.941473488531121699e-02 1.249592572774373481e-02 5.295938157243830491e-02 1.440543959902391424e-01 5.881760255472957832e-02 2.516352330912546495e-02
4.212423211142775070e-01 4.237456139143665028e-03 6.936788333980963006e-02 1.663096249441790115e-03 5.169349775556278392e-02 3.565711961076503678e-02 1.997313380275459599e-02 5.455613505610697189e-02 7.456799380965788149e-02 6.271976464027877174e-02 1.210202239056878612e-02 4.107974860462428740e-02 7.319296343140527239e-02 5.355643098991783729e-02 2.439043306568496744e-02
3.695070369769707375e-01 3.260818326696728661e-03 1.003027778089981559e-01 1.266077393748199628e-03 3.660838504153119538e-02 2.749290198267177396e-02 2.625466489806410272e-02 3.365451989127980770e-02 1.178451018406729833e-01 5.102440256653647394e-02 1.567896811396036344e-02 4.410954811724380337e-02 9.967662782051292525e-02 5.214942626686441818e-02 2.116874295424826455e-02
3.871331743131028458e-01 5.852846962739003192e-03 7.617139949597945270e-02 1.703142031388087379e-03 5.858899932736323646e-02 3.126042711862820483e-02 3.493176562215305481e-02 6.153298073430406301e-02 6.056672608208126668e-02 6.403439078931087713e-02 1.298355267965577847e-02 4.328689343732855521e-02 7.348290611374991288e-02 5.340041978995767324e-02 3.507037550225775013e-02
4.040388122297868811e-01 2.235047589504208891e-03 7.658639089337501704e-02 1.072104861378326895e-03 4.568180729695498626e-02 2.674471482209194936e-02 3.469436788004191113e-02 4.594212142088478085e-02 6.465778570614284793e-02 6.483360237407087556e-02 8.764083022646442650e-03 3.956839971898182262e-02 9.693024936175696771e-02 5.790295016194434846e-02 3.034756266043872261e-02
4.447718063423164447e-01 2.369266236506379231e-03 7.927498092390741768e-02 9.102246105291306741e-04 3.292687868140613955e-02 1.882483811151138345e-02 3.224827453833151863e-02 4.838629174746650330e-02 5.548569415904901908e-02 5.572520531114245890e-02 7.818857511479027772e-03 3.606218017275428234e-02 9.669174826861681726e-02 6.099850727280496654e-02 2.750524611217828458e-02
4.618250250806886781e-01 2.738159021582230786e-03 6.907528703950281679e-02 6.370133828699328822e-04 5.851181695179419329e-02 1.964282517497394076e-02 2.050120224818869491e-02 3.433022494363931892e-02 5.461195002705086787e-02 5.821620745487381121e-02 1.214078906661099008e-02 4.084162203177375827e-02 8.659440427497294701e-02 4.263824056077993724e-02 3.769523274069771362e-02
4.888194160317784198e-01 3.548429507974788181e-03 7.502624364930500500e-02 9.277485513691189224e-04 5.321544802825194098e-02 2.993302983924429547e-02 1.857786190495436945e-02 2.910968159362481086e-02 5.387860057901881078e-02 5.316108356630066395e-02 1.749999442514377918e-02 5.019653377258701671e-02 6.492983723445050481e-02 4.259300475372673755e-02 1.858308656226944494e-02
4.469866738640400072e-01 4.066904451118938738e-03 9.078851439212440311e-02 1.033599347192513517e-03 7.271262366342746974e-02 2.479222877271555422e-02 1.847943289020897301e-02 3.920725000854851511e-02 3.423076224474238399e-02 6.463611541532060523e-02 1.064998696170615933e-02 5.417430859278126593e-02 8.347167280883906193e-02 2.836975879423291047e-02 2.640016779300115995e-02
4.680954688999163782e-01 2.741116582275706856e-03 7.086091515448635081e-02 7.056695952014892465e-04 5.507820245763164757e-02 2.210163460791765566e-02 1.958633245777025370e-02 2.929381322350235739e-02 8.261371113824499124e-02 5.150942817752548336e-02 1.848144757442191088e-02 4.106526396784827837e-02 7.662367304068100349e-02 3.672876693891972272e-02 2.451455618365665570e-02
4.692614549953793013e-01 5.268705557128307293e-03 8.129393356201107534e-02 9.976159250139168995e-04 6.624855434767781825e-02 2.362336718444698822e-02 1.018251806062876220e-02 4.920789497025230413e-02 4.688971243115798437e-02 5.588197601572536533e-02 1.459544181316254144e-02 5.578711199636516432e-02 6.120952927227633900e-02 2.634173673597608317e-02 3.321044713279793642e-02
4.735587500727679866e-01 1.006704587175547526e-02 9.564342560489769163e-02 1.841576399256818295e-03 6.368954900793914742e-02 2.366431490606969723e-02 9.340700445113151590e-03 5.901837534779674072e-02 1.959149932749057119e-02 5.064821897396371009e-02 1.297178126399356826e-02 6.384657701007483144e-02 6.294048550377202844e-02 3.206733449734326669e-02 2.111036576776530171e-02
5.294596748016630050e-01 5.310369657969637655e-03 7.688505493443612004e-02 1.138786776740955981e-03 7.083044308049690763e-02 1.763754066840483165e-02 9.042480078199077731e-03 5.423244305310499086e-02 2.350188541250145327e-02 4.900036390687895899e-02 1.122865707648826317e-02 4.086325294474349445e-02 5.093658621201806180e-02 3.138041330683791208e-02 2.855204808951624512e-02
3.605724739280003477e-01 2.958009647882453141e-03 7.096533148679549929e-02 2.987695198993108731e-03 9.522587523720751901e-02 7.255503793565275250e-02 2.332304885534190048e-02 3.505299833239298307e-02 6.591798319328942557e-02 6.757553548968588120e-02 9.850421134254860531e-03 3.765846305834116836e-02 5.529627629959781021e-02 5.404951025794452885e-02 4.601133994461950594e-02
4.006622228061150759e-01 2.063347643452244275e-03 4.332956316727634011e-02 4.182777965798408631e-03 1.373034796159224857e-01 1.016871207730213889e-01 1.224025320992590954e-02 2.922582403294094952e-02 3.894788437423615801e-02 6.410697105429175036e-02 8.668065374458387012e-03 2.800548145438458772e-02 1.164904264275993216e-02 7.604479033169823932e-02 4.188317555371798284e-02
4.579253988884783855e-01 3.190793179355376832e-03 5.199913451455096675e-02 2.170106065332850012e-03 7.321054617558017674e-02 4.974444357788737614e-02 1.670200809645932746e-02 3.817782308059076979e-02 4.999547609848152552e-02 4.648132937076348420e-02 1.167161495053064928e-02 2.759572213005767952e-02 3.465263571831486006e-02 1.027724230779416686e-01 3.371054507567478042e-02
4.226479545139056881e-01 3.006900585924956407e-03 1.065723612156748851e-01 1.160761887686918717e-03 4.885734551874594545e-02 2.414144609813768938e-02 2.572735168453283566e-02 3.553115714431187566e-02 6.199049686121274605e-02 3.650544125783154736e-02 1.459221111216103470e-02 3.516822048938174350e-02 6.557217668732857885e-02 9.246315161207076250e-02 2.606302333109251912e-02
4.154882832181623908e-01 3.209050093910431698e-03 1.062801499432597524e-01 1.218474438958957063e-03 3.059849999402089460e-02 2.777477256279566042e-02 2.410395287251681021e-02 3.926079125857585145e-02 7.998541321601385090e-02 3.859768698411565613e-02 1.259657831673069266e-02 6.717708300522469422e-02 5.622906421142494227e-02 7.574045004719506813e-02 2.173974983709409114e-02
4.787585990712521222e-01 2.424763095053269427e-03 8.812067725648338457e-02 1.101708010365859284e-03 2.894907138088238449e-02 2.628910682277586786e-02 2.699948919017657392e-02 4.281956426317785197e-02 6.323541711389131514e-02 5.069988091431963662e-02 9.537701260177227844e-03 6.491251270446815602e-02 5.261287049153145351e-02 5.041135289490468463e-02 1.312728553054022702e-02
4.924795487079738909e-01 3.251577138342386878e-03 1.101915982268376198e-01 9.140283722584751280e-04 3.108357527952128330e-02 2.633833867629913755e-02 2.014496194785524164e-02 4.101270366146111956e-02 5.633578195735274713e-02 3.570873238281031120e-02 1.145999478178283751e-02 6.632677072479435665e-02 3.504143559961749727e-02 4.636296401511515869e-02 2.334798852797796351e-02
3.026816093381892170e-01 6.694028025965352569e-03 1.421181137692447138e-01 1.266803893872080894e-03 3.365440445874232078e-02 3.150953683850865605e-02 2.465681096135703340e-02 3.723178018704844522e-02 8.605522093124262639e-02 3.755773314968412213e-02 1.594094597770252808e-02 6.692030411309307647e-02 3.339438803838528508e-02 1.296569815287656469e-01 5.066133878819866626e-02
2.851566495541367763e-01 7.882439815848804945e-03 1.332917306658428780e-01 1.327078930050082936e-03 4.904380403711982445e-02 3.891972572937714425e-02 4.068405783248261326e-02 2.888360326838736516e-02 5.315785621677164563e-02 3.802030749702729751e-02 1.717319798557609065e-02 6.359892086546055368e-02 3.203445598485606116e-02 1.396878084731630054e-01 7.113836314389955506e-02
2.683294957263488989e-01 7.966868706167740816e-03 1.502601784926822504e-01 1.206601661321544472e-03 4.405560375125084499e-02 4.680109766200062082e-02 2.901149917177429233e-02 2.764468084294181491e-02 7.027136683777296389e-02 3.351049806182557905e-02 1.742247461516978346e-02 6.350686934250483751e-02 3.417159063649152784e-02 1.237042372344990399e-01 8.213693725724811878e-02
2.984354320113388193e-01 4.501737321655994821e-03 1.070284399744525633e-01 1.089386061281705752e-03 3.565276369529730982e-02 2.909127122248139977e-02 5.226349015450842961e-02 3.338924555634571051e-02 9.162344896525406734e-02 4.591550237730274153e-02 1.486875646095612603e-02 6.262303755062111066e-02 2.797768589396871716e-02 1.405222493572635400e-01 5.501755339727160132e-02
3.458776276804558236e-01 7.642867294327880014e-03 9.368994233831245966e-02 1.222478471785318427e-03 3.274829747079236603e-02 1.796828304611981439e-02 2.198920034704549345e-02 3.448672534786221405e-02 7.826634746414326549e-02 3.332108354122961108e-02 2.101978916562085783e-02 3.788637395200350477e-02 4.138135208865369868e-02 1.905214600154772342e-01 4.197817177617028245e-02
2.850230644062994312e-01 6.585873758500780314e-03 1.098383579892668882e-01 1.463148573436748876e-03 4.656246662730929853e-02 3.201494718129038741e-02 4.159574610377610865e-02 2.872013327299120095e-02 6.829176858984370435e-02 3.948781677238460963e-02 1.748659297685575473e-02 4.838980253260629499e-02 2.792748272234629736e-02 1.845743724048956869e-01 6.203842608819661736e-02
3.030600229007747726e-01 4.255915739882957724e-03 1.294998398064419187e-01 1.030795406479755819e-03 2.445131958222458712e-02 2.301243205392723701e-02 4.984281314425324794e-02 4.390040598930337185e-02 8.538612485976738997e-02 4.843296015046111291e-02 1.727542135486324557e-02 4.500837603421626448e-02 2.475452749204946901e-02 1.722516013083967290e-01 2.783744417695782972e-02
2.361582917498432632e-01 8.525152875017686163e-03 1.501788909974876851e-01 1.572678319653309561e-03 3.126279679777153181e-02 2.674512162739508397e-02 5.240206113834917218e-02 3.973458086069851791e-02 6.789136903303560899e-02 4.446083524366958861e-02 2.013852885550062449e-02 4.966154146560361471e-02 1.608095340536627033e-02 2.046112924776955500e-01 5.057590515291250644e-02
3.286704858019178221e-01 4.381078172250100523e-03 1.073964367759413091e-01 1.253469196787485723e-03 3.226143116225524410e-02 2.562050914935854948e-02 4.989509536826652880e-02 3.994143781031314622e-02 6.821835203790420354e-02 5.741007643476469385e-02 1.552410899809140467e-02 4.772828192001089126e-02 3.055301481049707904e-02 1.617618428110675077e-01 2.938437955057393233e-02
3.085546555451771922e-01 5.386658726080350255e-03 1.645615380454649168e-01 9.287899761007959625e-04 1.774163853950682171e-02 1.051763682077733533e-02 3.083769157385441231e-02 3.309307682940647310e-02 6.769360907711001463e-02 3.796514284812726320e-02 1.538313635327495134e-02 4.523438937852503061e-02 2.670018281676821842e-02 2.003470873685555265e-01 3.505476610127104820e-02
2.647241913101859301e-01 4.382535251274206206e-03 1.278284833201420168e-01 1.152756050212427105e-03 2.369139608591391138e-02 2.815665363499783580e-02 5.824974725540089243e-02 3.355414767075592247e-02 9.810133502070862710e-02 4.631853086034101036e-02 1.650689664943470747e-02 6.200579132309172459e-02 2.052577088108487047e-02 1.825296979835170363e-01 3.227206670293870233e-02
2.299552084571642729e-01 4.568098680580689498e-03 1.507735651130383270e-01 9.265943161730919248e-04 3.048680421580885619e-02 2.884664344714210280e-02 6.859262949709711565e-02 2.675127612430996255e-02 6.842534231610500339e-02 4.908664472017496005e-02 1.393973986595865855e-02 5.267653931565038222e-02 2.933591514700954403e-02 1.854719295522739009e-01 6.016306923151302360e-02
3.207598274137840599e-01 5.467270856503220547e-03 1.115338358448335482e-01 1.003498066242699497e-03 2.881021726798668053e-02 2.420133609283017448e-02 4.278699474954368587e-02 2.266675361367090011e-02 5.675320864862727632e-02 4.296515317086195551e-02 1.314990188436645363e-02 5.872063792263664678e-02 4.128074780227925650e-02 1.871281283898479642e-01 4.277248827598524594e-02
3.339672834760894493e-01 5.688287868657749234e-03 1.092053811767755706e-01 8.979959634901538276e-04 1.922422803067779656e-02 2.109900683531207993e-02 4.098437704442804003e-02 2.461819157969635796e-02 6.518838083889422208e-02 4.132328007060491470e-02 1.411176207954752994e-02 5.478595913547625734e-02 3.722866880769500064e-02 1.967643734533553457e-01 3.491282363929939375e-02
3.227625609172684595e-01 4.407363924310136322e-03 8.862001314082519621e-02 1.057529774483396230e-03 2.365700830383232756e-02 2.592275459805621143e-02 5.481126440299301239e-02 2.643080882981761054e-02 8.271219416011078851e-02 5.101520977552856384e-02 1.220370533139595974e-02 7.588577140517857589e-02 4.476140480564543001e-02 1.595892170600947402e-01 2.616319357045933380e-02
2.824662354359430694e-01 6.673842785476848637e-03 1.246676647516652553e-01 8.383896529672625478e-04 2.467937321159233491e-02 3.329694591510450746e-02 4.570542933918803064e-02 1.858661587873049192e-02 5.473927594881478065e-02 3.678031900828852147e-02 1.482324812050281326e-02 7.304632052534291986e-02 2.745512907998953755e-02 1.993767524670382318e-01 5.686445787935538732e-02
2.948239745762343267e-01 6.047295495364783322e-03 1.375787031708547437e-01 1.026603066904763044e-03 2.547645281046151400e-02 3.223548529656954792e-02 4.410098910048759063e-02 2.311516484399300450e-02 6.871018331441824945e-02 3.702812901945471552e-02 1.403709791094511286e-02 6.693030047134812532e-02 3.131573019354062792e-02 1.816567660905046011e-01 3.591712463891807289e-02
3.842814733016695627e-01 6.707673476793196005e-03 1.260591264199178163e-01 8.558217892322855271e-04 1.993414098648690902e-02 2.974585726151161152e-02 2.006893796649372036e-02 2.306123377921951920e-02 4.337459792091831468e-02 3.025025014913677521e-02 1.296318772035247487e-02 8.131079644651632854e-02 3.415669733573637595e-02 1.561637810970260554e-01 3.106642434898895799e-02
3.452936209614160812e-01 3.792484548280087610e-03 1.206850980930979644e-01 1.051978046044911878e-03 2.574646952757881149e-02 2.638496059279990535e-02 4.543987464369970974e-02 3.729583779710893970e-02 6.862446312392299352e-02 4.633031879319517155e-02 1.083624233649042347e-02 7.586404245952110825e-02 2.961461575957710299e-02 1.385257674609618461e-01 2.451422585630481585e-02
3.171488487864287387e-01 3.306775711733542407e-03 1.148681595059777433e-01 1.104641541176789752e-03 2.474009126637034817e-02 3.370458085499927758e-02 5.514792560456333731e-02 3.490179519476399594e-02 8.632205333059826680e-02 5.519733824998585697e-02 1.134170302953959458e-02 9.050618263315439449e-02 3.267227899942551361e-02 1.152147752257948465e-01 2.382285006548758716e-02
3.792266972981005457e-01 3.826319331916551002e-03 1.014081837543036879e-01 9.791612273191091596e-04 2.438296409556135746e-02 3.326966963190715332e-02 3.890380514023301928e-02 3.450188115260349048e-02 7.678059004026242806e-02 4.170666336653391926e-02 1.191970136323498158e-02 7.949941840076077404e-02 3.088155693714846051e-02 1.139667248347754486e-01 2.874666342533893637e-02
4.055141245490220814e-01 3.039496430925909577e-03 9.267067150100506689e-02 1.144273438010670390e-03 2.750133833798786356e-02 2.827880460945418964e-02 2.529461759721267702e-02 4.311674968371291550e-02 5.599972444680288014e-02 5.814864402386323711e-02 1.141960520556010474e-02 7.938289924412218757e-02 2.887829262270574099e-02 1.098406400805384403e-01 2.977011822907579125e-02
3.867155567697666552e-01 4.733866142999147882e-03 1.243099013005191655e-01 1.064775714394590369e-03 2.321115092661370921e-02 2.774995309120944359e-02 2.426600930837329376e-02 3.596214279997689972e-02 6.575646554922530418e-02 4.287121526906041702e-02 1.148645195386699576e-02 7.315674867613272681e-02 3.035888275079589096e-02 1.217239549129811721e-01 2.663292483408448083e-02
4.313231375026503334e-01 2.797370403429809069e-03 9.472829055977093071e-02 9.728556596896626059e-04 2.299684914195155444e-02 3.322300466091990256e-02 3.800312234471461131e-02 3.903160566836089140e-02 6.804025341521124925e-02 3.378000425078694913e-02 1.150316641502137187e-02 7.938739886475726371e-02 1.974765145682693540e-02 9.970120940573987123e-02 2.476408025016852560e-02
2.751458704411111622e-01 8.870752166782432460e-03 1.571698256801338511e-01 1.053774857675531234e-03 3.116636819003610823e-02 4.727059623101688424e-02 2.700472412960278068e-02 2.238247211238023754e-02 5.437195550299236263e-02 3.291174402302264601e-02 1.477590915714468468e-02 9.219682114725491484e-02 3.328678174768073816e-02 1.297249908741498758e-01 7.266741373901543233e-02
4.242242830948930732e-01 1.641044556492230475e-03 1.163407715158508299e-01 8.200942548679049371e-04 3.008793927132388454e-02 2.771620833429456685e-02 4.830696888971103276e-02 3.731786620301241059e-02 6.045135517964466548e-02 4.131835174333872707e-02 1.400176114722823106e-02 3.999010511087829761e-02 4.231310184924669260e-02 6.842654005140416662e-02 4.704360879781296217e-02
4.278916717008955373e-01 8.764499609557883150e-04 1.234557266829406363e-01 1.006647300831606858e-03 3.599186271059103687e-02 3.744919577499369878e-02 3.997183516040990481e-02 4.239706149895274695e-02 5.545859419133258861e-02 4.729327113292041557e-02 1.460622463908589803e-02 3.199552583333575839e-02 4.729067079240455163e-02 6.239477972775794162e-02 3.192048289259165339e-02
4.038918245786338179e-01 1.639696692701985564e-03 1.636150500999319912e-01 1.231458607680575076e-03 2.749665845918921811e-02 2.485476373863206023e-02 3.080435570639065979e-02 4.823882478591098172e-02 8.199260302764499464e-02 3.125551162037624314e-02 1.413896950103234358e-02 2.135962956192066775e-02 6.632085458369818554e-02 6.396947811642918202e-02 1.919032091982684346e-02
3.982986905527356458e-01 1.065399548805300326e-03 1.669119071738692783e-01 8.077801286905465219e-04 2.717648205348711238e-02 1.294382899918194302e-02 2.301888598884334336e-02 4.475772832882698310e-02 7.579466590966278672e-02 3.352539583571424731e-02 1.424569387884297260e-02 1.264113181052478954e-02 6.793026310166354331e-02 8.601485349291795868e-02 3.486729319623329409e-02
3.476262816226036167e-01 2.925654025779051391e-03 1.351208172716895084e-01 1.719352960652904177e-03 4.157419249837234626e-02 3.018376313349816972e-02 2.097534311816194597e-02 4.515662036863433287e-02 1.104415828665828714e-01 4.222122917097459460e-02 2.046817533243229861e-02 3.721446260617738283e-02 6.855436962343786078e-02 7.021014066284553268e-02 2.560801473815738777e-02
3.081668957902363726e-01 2.012232480192949723e-03 9.767810728435510903e-02 1.654367868177897098e-03 4.504647701499292500e-02 3.877154272092944026e-02 2.417452751344503423e-02 4.126014735695571201e-02 1.416533138558619953e-01 7.177570054070800398e-02 2.354075910379328090e-02 7.694446165512736080e-02 4.627846501320969502e-02 4.665418851413803691e-02 3.438881328787578295e-02
2.759292533901666622e-01 3.986242503138402553e-03 6.842914939948323283e-02 2.677269402598471838e-03 6.790465650231976291e-02 5.147382928732965185e-02 4.010706616055408069e-02 4.170617595708221020e-02 1.161937529732076646e-01 6.765772873825968980e-02 2.677685643076024163e-02 8.376175688509440720e-02 2.978307034225643329e-02 9.475114623447651596e-02 2.886204579327262404e-02
3.337395556386288931e-01 1.601049028202479636e-03 1.251288911796697156e-01 1.789292382537497825e-03 5.079045931129431979e-02 4.713815535746395530e-02 5.483503620715831500e-02 2.905167872343739424e-02 5.592441863368460830e-02 5.155809904339806599e-02 1.097961871845356575e-02 4.682326697085338607e-02 3.607669905648575731e-02 1.099923134275248848e-01 4.457146632120694008e-02
3.231300872346856146e-01 1.596867075138615893e-03 1.501833353066001076e-01 1.722751782651168063e-03 4.249081462257965625e-02 3.991520692347082233e-02 4.529056227122719991e-02 3.735808316425688613e-02 6.528535733226169258e-02 7.969991084917299462e-02 1.613100644094627584e-02 3.987891405237063008e-02 6.679702932323668130e-02 6.587182470505223431e-02 2.464824891634931694e-02
2.883069234843322337e-01 1.917921848347660082e-03 1.503154457107803710e-01 1.758490356614120535e-03 4.424290110913315505e-02 4.142424802550606633e-02 4.337920660658829003e-02 3.921892479239514478e-02 8.995111888256443478e-02 7.095484227175291592e-02 2.085589903085043051e-02 5.431858878077792940e-02 5.711089849956121900e-02 6.741964290187182907e-02 2.882494769892430392e-02
2.813359666804070569e-01 2.464903924023350516e-03 1.506038719554907701e-01 1.971677119974844534e-03 4.416614480616092020e-02 3.777832341858573806e-02 4.997544538009135451e-02 3.384917519092241894e-02 7.612743079307567051e-02 9.019633167442618615e-02 1.779137855920175093e-02 4.756249609537845091e-02 6.651391519606872360e-02 7.369951154408406480e-02 2.596342766210863948e-02
3.304061953263963125e-01 3.675480490248244411e-03 1.511001002923987868e-01 1.568577757505218526e-03 3.173349082686757056e-02 3.855800386863323520e-02 5.396328944631606506e-02 4.599128980310766834e-02 7.859090228532455980e-02 5.215785791074385724e-02 1.892534817017441431e-02 3.408052487453971241e-02 6.151238719520629034e-02 6.901912661220570289e-02 2.871742514033223670e-02
3.265016999922491503e-01 4.449674353417868572e-03 1.588977556737232455e-01 1.847206553793917082e-03 3.519948404883058851e-02 3.277524175714333077e-02 4.549555042268223909e-02 4.914622418379144264e-02 7.765662453158857226e-02 6.527260802649098581e-02 2.028925959893198433e-02 2.704676517242728812e-02 6.991194375878513612e-02 6.188331712341269691e-02 2.362664480273150847e-02
2.884017881902533609e-01 4.080794150084176425e-03 1.487702062368787548e-01 1.773326874850380706e-03 4.104962865380296783e-02 5.171274620538316574e-02 6.736797164852668940e-02 4.106101100054158903e-02 7.977158954310502315e-02 4.735636833354456288e-02 2.147750098882260025e-02 4.100960118838245516e-02 5.372152059795203688e-02 7.044821442418250368e-02 4.199773196368944417e-02
3.051738400332161261e-01 7.145172554767040447e-03 1.334538961156498948e-01 2.383465977988104105e-03 4.942040903103903093e-02 4.836944359830079587e-02 5.150050387493627230e-02 5.031063925974089274e-02 7.336753298590059647e-02 7.015379560056750341e-02 2.648690630810782154e-02 4.352839870112159421e-02 5.911394297760318162e-02 5.316078518746022302e-02 2.643126779360057549e-02
3.226097462935758053e-01 7.190482643546364412e-03 1.814368853949315519e-01 2.335966887938615514e-03 4.688140282563374450e-02 3.072037049697079816e-02 3.267948888008669756e-02 5.340407942520392082e-02 6.896979530001588754e-02 7.525581745485840357e-02 2.326703419741127724e-02 2.315768959024647189e-02 7.498020631008874004e-02 3.314740002996641871e-02 2.396363426952511505e-02
4.033346726212980737e-01 7.648114558444536618e-04 1.654584494907812564e-02 8.178238930028364651e-04 3.300351828156536382e-02 3.500119191535158020e-02 8.737764593492808318e-02 5.358444834496051828e-02 3.323978255871528481e-02 1.182178281973587930e-01 2.353041818995297088e-02 5.319745798471370996e-02 4.226782931408993443e-02 8.930138159958395105e-02 9.815344759556244442e-03
3.266625594239312980e-01 7.872381818962711358e-03 1.214594984316084703e-01 2.016966603710214877e-03 4.526454618448187694e-02 4.243372630765391423e-02 3.245923022711212635e-02 5.547366324818195360e-02 6.490278356101533697e-02 6.424806085834117164e-02 2.092710151853702932e-02 4.167925592633176662e-02 8.459716312933478199e-02 3.457586420112786219e-02 5.542719855966932174e-02
4.072799929513498673e-01 4.971888859766277098e-03 6.795410551924667419e-02 1.298259931705473148e-03 3.326832471663347668e-02 4.641956370411857297e-02 7.976327535417897241e-02 4.105091494719172174e-02 2.620391239785929346e-02 4.873182814348463177e-02 1.902833471901828333e-02 1.798081246983422588e-02 4.406408828476192363e-02 1.337261019663769646e-01 2.825859603447336554e-02
3.502197425773974637e-01 6.155916654940800370e-03 8.192171910767287457e-02 1.694538058172363401e-03 3.516373641899116220e-02 5.330480847467418404e-02 9.116852239992118134e-02 4.591809514347150456e-02 6.323532382579101496e-02 6.373739049746604546e-02 2.245785821206249325e-02 3.909179371585269624e-02 4.224765925001482819e-02 7.714301855494215543e-02 2.653987710862889052e-02
3.743042326170243905e-01 6.496570775058578204e-03 6.971144983807382733e-02 1.741510091718676424e-03 3.628338440158096478e-02 5.065847430831658949e-02 8.423772971785872810e-02 5.438675518491089406e-02 8.241373778933197558e-02 4.458101894404749993e-02 2.513997925364780395e-02 3.013164416902567797e-02 3.750057697248941613e-02 8.126259677813785220e-02 2.115033915877695750e-02
2.829545336678141454e-01 7.183215033094617931e-03 8.070871179266135564e-02 2.260327386581253897e-03 3.915388696670744212e-02 4.258903485657899307e-02 4.779915490750143159e-02 5.651230927710844398e-02 1.677830401244257141e-01 7.437445853899991854e-02 2.956912497308267218e-02 6.449430050123182434e-02 4.328877596385284632e-02 3.663682929376053249e-02 2.469229671659845665e-02
2.949590571515052217e-01 6.074799494296500083e-03 1.202495298228482556e-01 1.731622929416879331e-03 3.993212810015116937e-02 4.341649021936214159e-02 5.595511115545003661e-02 4.085927521158840003e-02 1.112477199764520253e-01 5.243785218087977651e-02 2.274510138101816861e-02 6.647386097129766303e-02 4.477303073005467482e-02 5.042211875685387312e-02 4.872230191882496314e-02
3.450902906762761679e-01 4.773373770018285271e-03 1.057124601489981969e-01 1.773112504505778815e-03 3.152665923924766189e-02 4.014448643793667310e-02 5.867497728338372243e-02 5.102198517771850544e-02 8.840973414480371440e-02 6.722925090254960878e-02 2.085189878843893979e-02 5.303728322977637605e-02 5.964936211670706506e-02 4.566303795393271414e-02 2.644208762570631269e-02
3.208215174916341228e-01 6.373384524695125189e-03 7.719887926833148006e-02 2.379739807931381592e-03 3.949016704446295378e-02 4.935942986838034313e-02 8.260025442983329191e-02 4.909182561164504577e-02 8.158913435715409168e-02 8.048299364679593892e-02 2.032680904485009363e-02 4.637392783515795897e-02 5.239048460829481141e-02 7.104948218866458109e-02 2.047197027216855758e-02
2.970492587966177545e-01 5.137164708234098591e-03 5.901764929493612949e-02 1.969324728117375148e-03 3.187020334209139660e-02 4.130520929947207459e-02 7.766261739320175217e-02 5.288337187411418922e-02 1.432319683506949881e-01 9.002976617230527834e-02 2.575419212511593017e-02 5.359268721075356734e-02 3.964435693332340332e-02 6.458137589515502985e-02 1.627085387586673509e-02
3.658051431640078621e-01 2.763504694407269927e-03 7.001274072901281231e-02 1.352910711089041302e-03 3.229612102980525951e-02 4.697919972244496423e-02 6.122458977808419717e-02 4.961439913078564273e-02 1.099274756479699661e-01 7.881028432505375603e-02 2.295645713383497044e-02 4.219151077993252980e-02 5.667443073722228108e-02 4.002965776891668354e-02 1.936157464743267290e-02
2.425427520718823615e-01 5.747196794204496861e-03 6.309402288983376184e-02 2.031622835447256803e-03 3.351572207823212690e-02 2.384502587655413369e-02 2.954845217973472646e-02 5.883522476059258738e-02 1.812293708634941936e-01 1.100028710495506989e-01 3.644638031875393341e-02 1.051370034150978516e-01 4.993769777137329474e-02 3.758431388670212259e-02 2.050234320854639122e-02
2.613270109370796623e-01 9.358974377187240581e-03 9.561653833553777904e-02 2.677575839670619674e-03 4.172136342904902984e-02 3.082723480691916540e-02 3.764012038579866298e-02 5.763893030129775552e-02 1.236461389689225143e-01 8.303151661948385276e-02 3.022946299581228888e-02 8.961882619724351184e-02 5.775991787596063826e-02 4.893838772068815485e-02 2.996800120934912937e-02
4.084173685475387394e-01 5.438474061676952173e-03 6.562680860706920916e-02 1.957224653876340689e-03 4.387347324644019775e-02 5.179348704166883421e-02 7.882555860505011114e-02 5.142660965702244846e-02 5.961356257922538482e-02 6.510726109302099329e-02 2.241138068795899344e-02 2.876231620879547007e-02 3.361346600448284622e-02 6.711093127620910981e-02 1.602207772996433813e-02
3.644787025814220649e-01 5.916342656809694088e-03 8.106588876234636920e-02 1.946405393485896654e-03 4.315290955801213274e-02 4.056300185467010683e-02 6.728387876863592409e-02 4.544917685758731452e-02 8.513344527785517146e-02 6.739358989345822781e-02 2.338665073717250548e-02 4.206660028656920153e-02 4.470646501400757367e-02 6.255115718008466552e-02 2.490578517788291299e-02
3.390782542783374320e-01 4.130496995994933224e-03 9.814305927524945294e-02 1.246725888597891192e-03 3.464798523808357289e-02 5.587811749503885511e-02 7.728560413263244055e-02 3.017011091254978919e-02 1.321037119012775374e-01 3.426041577121946569e-02 2.457484771299950008e-02 3.879499754018548435e-02 3.939250403800041711e-02 5.648089982593636899e-02 3.381226899389658258e-02
3.881149940293345812e-01 3.000002376264463040e-03 7.702405724806081488e-02 1.428457840430942235e-03 3.327995192394242463e-02 5.935570928874516622e-02 9.385936115039672512e-02 3.914396378226255718e-02 6.694794800209982744e-02 6.320315444475171907e-02 1.922669064394277871e-02 2.595665599504668949e-02 3.682040078355740265e-02 6.944910556255588785e-02 2.318954692860774117e-02
3.362363218993801306e-01 3.514196776165652396e-03 1.013665982316394182e-01 1.277964698843357455e-03 3.700346958486259996e-02 5.395165965197492447e-02 7.231189107311560005e-02 2.804222785016012229e-02 1.200232234020705557e-01 3.906348784065172275e-02 2.284149252756061121e-02 4.224595283932994216e-02 3.568728305170519588e-02 6.541145519673151332e-02 4.102277537580849287e-02
4.275880080973377684e-01 3.613825738578550946e-03 7.221920687350505408e-02 1.292553907941842908e-03 2.840988458234871769e-02 6.120894706293176363e-02 9.610107893129939127e-02 4.557672552240181474e-02 6.189688684387305989e-02 4.823947435651953358e-02 2.004367420772673603e-02 2.303270558018434902e-02 2.832473993185790490e-02 6.622093457743710720e-02 1.623135378605603321e-02
2.813549428608800307e-01 4.978585693373751425e-03 8.089768063030418344e-02 2.022478362470461061e-03 5.104489057316636408e-02 3.017598402085902923e-02 6.041146650694796671e-02 4.518241920555177149e-02 1.477181759999900978e-01 5.745426323975477007e-02 1.960324073200888154e-02 6.242541966222531907e-02 3.961854048097100678e-02 8.188677833602686640e-02 3.522513369546947937e-02
2.683851908052433677e-01 4.516372641307509969e-03 1.100097437776006715e-01 1.584489280017219170e-03 2.915667841533460883e-02 2.338341606687045077e-02 5.819379176209101001e-02 4.486231010013708859e-02 1.339785202375979589e-01 6.657849748217917196e-02 1.961244563198521335e-02 7.975707928223305099e-02 5.133730618199674328e-02 7.046981824492853930e-02 3.817434009047716847e-02
3.645320284271355016e-01 3.331812758626420332e-03 6.720587178047893184e-02 1.256282175632958322e-03 5.046435069372851023e-02 2.189896285625436353e-02 6.685134758733851656e-02 5.669819683339500510e-02 6.794800178132930080e-02 7.745653810089812852e-02 1.372170986076232981e-02 5.241909102817853688e-02 6.401895196160001245e-02 6.163656002764419245e-02 3.056029412699707778e-02
2.460430913175062906e-01 5.080569871231081260e-03 1.900306863710256033e-01 1.629647618476710944e-03 2.304617428211521574e-02 1.558644024407543696e-02 5.872720983916687038e-02 4.353065360985613336e-02 5.542395892967637294e-02 5.302845934089706059e-02 1.008499587406094973e-02 1.118897839809493144e-01 3.343199822585352782e-02 8.103897082699679233e-02 7.142735966811247783e-02
2.361059454491906684e-01 6.158592999119257873e-03 8.773475176906631035e-02 1.782460440816996438e-03 3.779023854160176027e-02 1.864703086455279241e-02 4.975119649005042138e-02 5.003030255011194083e-02 2.123067363568106047e-01 5.067340796649664331e-02 2.603219297181362871e-02 6.497667093853870535e-02 3.487352083810159320e-02 8.638703835262928621e-02 3.674991347109927975e-02
1.804671934340401906e-01 6.496598032273672579e-03 8.447079534333229445e-02 1.697740478213418400e-03 5.387323237135999143e-02 2.016022868340827667e-02 5.554754836531302503e-02 3.696501671305637421e-02 1.893745856152481144e-01 5.669925729129280528e-02 2.974663847147683560e-02 7.561318378511655558e-02 3.281610603814838489e-02 1.290360339150266322e-01 4.703584146269332300e-02
3.687309944280702800e-01 3.665046635547345149e-03 1.187311460716211631e-01 1.215549750277560362e-03 3.065411037434643063e-02 2.512115806662247250e-02 1.594763162968625830e-02 4.177502895790013993e-02 1.530660663565328039e-01 3.570390874398398501e-02 1.611988844882909430e-02 6.656355757042325960e-02 5.673470775839262181e-02 4.834167571979353095e-02 1.762952948797280248e-02
3.635536250904496391e-01 4.585735835431997524e-03 1.088978574368447694e-01 1.285993157869143354e-03 3.009605665746393002e-02 2.755449941316971338e-02 1.681656603091798152e-02 3.738247824426049054e-02 1.685605561130911756e-01 3.332514507427630085e-02 1.844191503149199274e-02 7.209171788164525640e-02 5.648167929174430918e-02 4.662198418059972094e-02 1.430419056074334026e-02
3.141392940329931771e-01 4.725061450372288960e-03 1.325000973347307542e-01 1.140599250554239202e-03 3.259571230340556347e-02 3.061314310903871794e-02 1.991743482457360853e-02 3.676629741045385480e-02 1.465034632298340689e-01 3.515275762376677410e-02 1.769901189452810497e-02 8.110152513399372654e-02 5.345149468488986227e-02 6.930654822164775131e-02 2.438755949521729041e-02
3.043180358666744967e-01 5.180794504291659497e-03 1.349756291608705805e-01 1.035630566077613661e-03 3.819267101351631055e-02 2.473741563603862673e-02 2.473282371471644328e-02 3.698038379369725931e-02 1.364150374747254701e-01 3.496914770167453002e-02 1.918670043769583541e-02 5.508272445519508259e-02 5.075435056278774365e-02 9.856055207469156809e-02 3.487810303734677903e-02
3.332320433441058882e-01 5.191013928452207875e-03 1.291895836094732464e-01 1.044875269312689351e-03 3.216507520108775192e-02 2.997602034406062627e-02 1.924644573646099380e-02 3.581521311274990516e-02 1.243750473438331033e-01 3.204932785450113897e-02 1.664567964033697445e-02 7.766323874079952838e-02 5.039626728026250918e-02 8.734738888677077984e-02 2.566277970779258510e-02
3.676721998814381775e-01 2.477113524280094136e-03 1.417368871594025803e-01 8.943333571364243603e-04 1.841866806344831173e-02 1.557194033165038884e-02 1.698113807600027184e-02 4.340878020895931610e-02 6.141944276649068807e-02 4.903470971309081133e-02 9.872362006323713232e-03 1.020059684643405268e-01 4.992570058326473159e-02 7.296122741844811299e-02 4.761952844572565208e-02
4.077841493045597510e-01 2.265045054465435886e-03 8.214461703722143737e-02 8.661734885763369696e-04 7.034985997973997041e-02 2.503671895126065652e-02 4.074245365625800419e-02 3.681630342351024932e-02 8.574692454996912794e-02 7.170492984549824145e-02 1.014943858757431407e-02 1.407453412521933109e-02 4.942581065856725686e-02 6.455383239432992137e-02 3.833920894324990142e-02
4.153391488988433244e-01 3.303162556981010037e-03 8.172649937225508199e-02 1.002421069996780158e-03 7.122278854724850561e-02 2.686258194824124937e-02 3.576915334090328968e-02 2.946931220145770219e-02 7.452695648937343598e-02 5.675952578459498438e-02 9.112968666286637778e-03 2.196999664559783419e-02 4.272646511755053000e-02 6.728752722950813447e-02 6.292149213116161877e-02
3.977144259659151637e-01 3.096595984677556670e-03 6.929700453690684769e-02 1.006895277541634045e-03 5.549822778994641798e-02 2.525559691847188704e-02 5.482897043971206308e-02 3.963790702089339119e-02 1.096825644467942090e-01 8.119392181021169164e-02 1.098848518076910030e-02 1.635990769793460586e-02 4.556673470885838628e-02 5.403844950409009834e-02 3.583431271727689771e-02
4.061521978345603023e-01 2.802133581218837002e-03 1.460369381102677167e-01 8.679529844535173629e-04 4.723396085532089589e-02 4.334425953182233227e-02 3.072408437366928174e-02 3.708920611480011342e-02 8.078710839919446551e-02 3.297613037695289184e-02 2.505035961762839148e-03 3.522449365151987533e-02 4.106594412307213587e-02 5.468130448454730508e-02 3.850924961683745845e-02
2.883880887694791895e-01 8.820706350539547248e-04 6.932871023395703602e-02 8.423389761682110273e-04 1.552512516011969081e-02 1.146966724535998169e-02 1.180684233496549357e-01 1.830800788098403686e-02 2.308265477093711660e-01 1.020220268558905963e-01 3.173151961750358095e-03 3.392127985105557186e-02 5.309904853305642825e-02 2.968517588908312424e-02 2.446033694901537589e-02
3.954319719013262291e-01 2.953069410334917093e-03 1.129518431472649603e-01 1.163981626497267823e-03 3.864711295119425266e-02 5.256582913871510332e-02 4.819747110139595281e-02 3.324466161652479129e-02 1.002691940713624219e-01 3.877894336493541844e-02 4.149729644121957599e-03 4.013457226665077121e-02 2.999838285906477123e-02 5.777140754286762270e-02 4.374182935774321296e-02
2.873708104627892834e-01 3.730877408928762878e-03 1.613266890637636009e-01 1.274771024635122782e-03 3.339813419411338108e-02 2.673987531348901575e-02 6.395503647704983696e-02 3.582343462387353739e-02 1.496945174719377381e-01 6.204554652267819242e-02 6.615334845157306611e-03 3.531415550956652077e-02 3.101097423514367207e-02 5.759789083892081357e-02 4.410195200795313103e-02
3.149782350160126865e-01 2.565767755698548057e-03 1.731154395038898008e-01 1.038198523658206366e-03 2.890852690140736578e-02 2.195913086812764300e-02 5.670989526847833306e-02 3.453447410022877917e-02 1.394121318084924621e-01 6.033364305518861687e-02 5.416248676117673376e-03 3.281756331476682470e-02 2.900651606637644556e-02 6.437200480789244394e-02 3.483222433366461868e-02
3.250107364407189836e-01 2.363401281623638689e-03 1.619418495884683840e-01 1.042885670026929461e-03 3.115657537076348474e-02 2.234061537826767530e-02 5.828913011354676377e-02 3.318638106601546484e-02 1.369094846556070666e-01 6.455309919524657158e-02 4.350231233881757253e-03 2.897640592181655386e-02 3.124308126226529522e-02 6.544760206216732046e-02 3.318852075958440839e-02
3.231527492657280676e-01 1.800316226645478366e-03 1.603318052029413243e-01 9.297521291415800776e-04 3.720871853805842594e-02 2.366995749015164338e-02 6.014322144926245728e-02 3.354058195563880407e-02 1.410532672204932725e-01 5.922452101643392586e-02 3.843885894330835093e-03 2.870584725809040977e-02 3.224138890399273760e-02 5.656637437111304567e-02 3.758761307797835183e-02
3.782601482065469090e-01 1.810673554495744299e-03 1.020553174873928826e-01 8.884236268209688833e-04 2.900185709689638916e-02 5.311576060003717764e-02 6.130958496085856663e-02 3.589626642310956434e-02 1.399062008195210982e-01 4.469764089209513763e-02 5.279316263411600735e-03 2.469495171051819954e-02 3.164146796906321113e-02 6.224999183615248510e-02 2.919239855307986797e-02
3.141269113418763692e-01 1.920465851774421284e-03 1.776835341035387095e-01 8.205300281227840284e-04 9.803533208340459160e-03 6.453877684764192102e-02 6.622020910150769324e-02 5.169232796213933667e-02 1.638583811141439972e-01 3.653713578870455142e-02 4.112694483341154499e-03 1.316207929398361016e-02 1.127434269674900714e-02 6.288995939097956345e-02 2.135911878715615608e-02
3.136736851068006038e-01 2.913494612081304457e-03 1.748228060369831083e-01 1.206068023892065437e-03 2.324465040646070749e-02 4.889718685440763019e-02 7.064618247519104111e-02 5.074196245622424051e-02 1.354283220815895306e-01 4.395171804054414516e-02 5.385067124303932924e-03 1.776817461981744853e-02 1.928767765585104321e-02 6.847619155573521355e-02 2.355681295011775866e-02
3.221278952384674654e-01 1.996638532606855986e-03 1.948007657782173385e-01 1.034080028695750142e-03 2.803223032947606969e-02 4.326590066402714874e-02 4.257288761189303300e-02 4.023884367950163882e-02 1.045634441921351743e-01 3.365652895612385870e-02 6.082851568957320723e-03 3.175020742830558795e-02 1.566864332926535056e-02 7.605033156497841007e-02 5.815875109734908177e-02
3.712263026513597519e-01 1.666549918102950461e-03 1.129581199483182252e-01 8.936362217311617047e-04 2.033328384018021073e-02 6.412750569241419674e-02 6.564329981379238288e-02 3.746082761311661513e-02 1.561068989046156819e-01 3.929937218476232952e-02 3.510345519313357292e-03 1.643179854374685056e-02 1.572712676175090640e-02 7.298720505246404644e-02 2.162772733433090608e-02
3.329520318910543231e-01 1.926314221112559403e-03 1.101800324097758355e-01 9.467762407373701188e-04 1.557534122190877210e-02 7.806093949431278101e-02 8.264346612597821273e-02 4.140015075819631490e-02 1.836300869750936982e-01 4.457679907851962164e-02 3.971909125875070813e-03 1.473115112632006861e-02 8.398088368067541457e-03 6.315333396485761641e-02 1.785357899818977231e-02
3.910336825937202887e-01 3.382517209963254497e-03 4.528063269781069933e-02 1.209966231993906977e-03 1.649892302514589792e-02 2.021698338763408889e-02 8.346209281151127646e-02 2.227579622370976994e-02 1.495040791883530951e-01 7.450200235125853387e-02 6.106266374949056996e-03 3.330347799601084124e-02 5.055629338318150950e-02 8.296135702945325874e-02 1.970592949530490870e-02
5.780027857086906806e-01 1.566821496575351077e-03 9.266336229682847758e-02 7.452975636300058571e-04 1.687048261449750411e-02 1.692177510765825385e-02 2.888771302287553369e-02 3.881005235518542040e-02 3.367284802247227232e-02 5.118196361804967093e-02 2.975342900374032453e-03 2.509510663469185013e-02 5.177618460067157785e-02 3.892436081452699259e-02 2.190590324327230595e-02
5.794201157080809406e-01 1.803195439392960443e-03 9.100246635092208713e-02 7.682970585714401579e-04 1.937884609292706006e-02 2.044255456140853244e-02 2.913670522397042786e-02 3.967226625036317927e-02 2.280264766827206149e-02 4.782032712568425048e-02 3.648210963259179707e-03 2.542323000865752761e-02 5.475285119107375226e-02 4.530172519609325377e-02 1.862656116132318032e-02
6.005046891874367132e-01 1.046542319027315114e-03 7.034711202766399940e-02 8.633522716134426310e-04 2.515926284151066145e-02 1.352049873714811570e-02 2.041916834332885289e-02 5.448693068896574843e-02 2.484598363142093494e-02 5.978011753961726821e-02 3.748881009418341889e-03 1.714617240609670260e-02 5.166877265049570761e-02 3.946647550467989596e-02 1.699604084157640624e-02
5.537524277710156317e-01 8.540108459145556241e-04 6.129458047570898044e-02 5.836432666507836023e-04 1.829665861752431677e-02 2.201431766394605985e-02 2.580639545138433896e-02 6.592443527178420970e-02 3.211825422080932108e-02 7.900011721568318823e-02 8.581017829309490683e-03 2.358200344275982602e-02 3.527852034519101537e-02 4.536564740904842907e-02 2.754797017326964317e-02
5.492529637731885517e-01 8.405745187534418607e-04 7.548419611296948439e-02 7.042697509948380287e-04 3.559556726740082527e-02 2.368724454530992535e-02 3.542996808237176137e-02 5.101702793909349692e-02 1.879026598344309129e-02 6.630271173711145549e-02 9.045289882557804376e-03 2.152326487141514866e-02 4.795226662354604152e-02 4.300392575739579032e-02 2.137046315444820002e-02
5.624151858460340048e-01 2.278939774601888932e-03 8.695141261529294729e-02 9.203114359701453388e-04 2.139418258755856547e-02 1.437048143280707582e-02 2.741742452322722817e-02 5.137904742244313316e-02 2.613102900344224308e-02 5.404803848559112250e-02 6.668093546205434118e-03 2.094000619032766394e-02 4.811897328140919694e-02 5.630241561448069004e-02 2.066445824060829384e-02
5.680247702484748640e-01 2.282307120453744547e-03 5.175937749504059410e-02 1.281497706049306408e-03 2.787995436724083342e-02 1.555451683588822930e-02 1.459024149471043093e-02 5.599027748801914395e-02 4.678879665573822816e-02 7.239276108122592868e-02 6.417584363067998024e-03 2.025475479613957075e-02 6.846816876127330420e-02 3.016931065625037475e-02 1.814568093042709038e-02
5.271410151319987358e-01 1.623925320360378221e-03 7.899749442780222564e-02 1.239405016725668657e-03 2.986068228688832510e-02 1.796173142911577231e-02 1.569731965469308918e-02 5.999187515838295265e-02 3.760612321834827521e-02 7.976467374041308622e-02 3.061573409302128373e-03 2.201770355726671152e-02 5.058015909776619051e-02 5.054844162359641013e-02 2.390787692733974470e-02
5.491785873757539793e-01 1.160109755774066907e-03 5.269508208743222538e-02 8.651901260126519753e-04 2.575525454377694881e-02 1.554565744922842795e-02 3.337371334477033658e-02 4.505691230971341915e-02 4.578454841489429383e-02 6.282187583733221670e-02 7.569533450838793198e-03 2.458065368145967780e-02 7.494824003363340092e-02 4.284398943468131077e-02 1.782065215469798986e-02
6.356812338638291315e-01 6.186824784867167842e-04 3.157016002962815399e-02 5.683277517770934668e-04 2.666570661560048461e-02 1.844297873483442124e-02 1.575041942215275187e-02 7.572519999171063720e-02 2.098436467581536041e-02 7.073560428714689707e-02 9.224566961091014081e-03 1.621236852105082185e-02 3.882758695206250249e-02 2.627578530285258965e-02 1.271701441196092935e-02
6.017220753825468504e-01 9.846240996366328446e-04 7.630976213564080735e-02 7.730142593710005164e-04 2.114999297461322633e-02 8.989040947457537997e-03 2.222586350150279957e-02 4.646983090403571798e-02 3.203506678935510305e-02 4.178231381552489215e-02 3.636387261276913772e-03 1.816555312499224320e-02 7.040375513108831917e-02 4.118676406182100042e-02 1.416595561113676537e-02
6.180013136357050962e-01 1.300470963881504745e-03 4.175841637247579979e-02 7.431361100526228660e-04 2.993599861938346998e-02 1.775647254467403388e-02 1.194556573154893428e-02 8.004131366531921921e-02 1.482666031015284283e-02 6.464423547703423978e-02 7.649900030854260395e-03 1.678982593566933842e-02 4.260806468378049855e-02 4.005074657610235150e-02 1.194787934336553198e-02
5.428420285679161905e-01 1.425287993493900771e-03 7.397120165346857124e-02 8.984219018451865789e-04 2.535919315714401517e-02 8.854330071631033236e-03 1.824428381713581390e-02 6.382971257175890090e-02 5.406366095530664578e-02 5.265758852140855345e-02 7.303336838021702929e-03 2.744547905496521820e-02 6.046177866332309164e-02 4.561333806992128037e-02 1.703035816265981162e-02
5.295930819541001533e-01 8.795616628780387591e-04 8.959058885544129991e-02 8.347976564123688742e-04 2.719707607099735788e-02 8.591068045479556201e-03 1.014534064935599354e-02 7.726144997546550985e-02 4.085342959051872780e-02 5.354801335811180951e-02 4.950589986162291616e-03 2.070060731025004375e-02 4.871875108477963234e-02 6.587871963793108521e-02 2.125692416211569583e-02
5.066923206360406384e-01 1.358989837849218724e-03 1.167944551917363405e-01 8.051044304262629453e-04 3.067439544656246769e-02 7.323384577023418253e-03 1.985041165220795614e-02 7.787948135606405364e-02 2.357791897045191654e-02 4.930384136988854443e-02 3.763091209253685218e-03 1.288310968699924765e-02 4.718350994429974105e-02 7.744195778809392916e-02 2.446802790310234968e-02
5.546312271133354566e-01 2.662853284855982300e-03 8.702893925171215073e-02 1.188578413660539230e-03 3.428797824681479450e-02 1.227685711942979978e-02 1.466850466632727695e-02 8.332940170437684591e-02 3.010301434578789917e-02 5.518632221353736433e-02 5.709133992292568342e-03 1.738786125944204869e-02 6.186581439032614455e-02 2.328333497285368925e-02 1.639017902524750325e-02
4.362276988298520730e-01 3.612483152342611716e-03 8.909948993731184319e-02 1.335139747753944428e-03 3.828919750134248540e-02 9.029872033345657384e-03 4.209789901047032712e-02 5.765184683080024769e-02 2.957699141230544018e-02 7.775454336859240201e-02 7.300642476914649681e-03 5.677357573452507244e-02 8.048706982201277171e-02 3.886536220352355964e-02 3.189818793890676629e-02
4.902430260481501212e-01 1.868591637344825529e-03 9.190513032750780020e-02 9.511772680292016882e-04 2.733864294415485133e-02 7.516313448594260857e-03 3.173731802841674166e-02 5.926366096420689067e-02 1.806517909851529380e-02 6.579242787107918156e-02 3.804673144694362998e-03 5.314622181499855519e-02 7.497099363960922636e-02 4.419258389853046587e-02 2.920405986616800634e-02
4.470539184710633496e-01 3.716401691278943629e-03 1.108437234563417195e-01 1.317860642289399743e-03 3.699125512468812160e-02 1.036572635294352729e-02 2.891373041302012017e-02 7.194765949546401418e-02 2.923652840224813532e-02 6.685833605810902192e-02 7.147059420311237081e-03 4.838808417989761551e-02 6.129469395285036537e-02 4.492398087914262900e-02 3.100104146035165265e-02
5.868703645257297152e-01 1.051909035998137157e-03 6.570133602583763666e-02 8.877814342494245352e-04 1.742180475964166461e-02 9.399344506502906038e-03 1.430352367469341426e-02 3.255374971359226849e-02 6.928003310818336979e-02 4.146907679872691849e-02 1.025978798230620624e-02 4.872458617796464331e-02 5.801351498298833176e-02 2.502191335950081433e-02 1.904127391408443060e-02
5.240988718079475639e-01 1.826506814177489193e-03 1.029658261984599532e-01 9.579820555899617963e-04 2.201333174517374272e-02 9.721263611710009855e-03 2.315703643440596149e-02 3.003731359051898045e-02 4.847592882701538125e-02 5.261147891158558798e-02 4.151834667714879995e-03 2.491702707058034150e-02 5.256088871208053348e-02 7.760943754247054405e-02 2.489527201056899661e-02
4.288033482797611873e-01 1.311916781063899532e-03 1.747508696976691756e-01 8.259055599242957728e-04 4.405340599711583816e-02 1.011776786080279336e-02 2.646284762479537284e-02 5.246660734439090312e-02 5.400029678757500839e-02 5.142091971061386879e-02 2.940431653609633725e-03 2.407712295030973310e-02 6.987580931133134665e-02 2.769910248714279807e-02 3.119364795389460709e-02
